structure(list(261, TRUE, c(0, 0, 0, 0, 0, 1, 1, 1, 1, 1, 1, 
1, 1, 1, 1, 1, 1, 1, 1, 1, 1, 1, 2, 2, 2, 2, 2, 2, 2, 2, 2, 2, 
2, 2, 2, 2, 2, 2, 2, 2, 2, 2, 2, 2, 2, 2, 2, 2, 2, 2, 3, 3, 3, 
3, 3, 3, 3, 4, 4, 5, 5, 5, 5, 5, 5, 5, 5, 5, 5, 6, 6, 6, 6, 6, 
6, 6, 6, 6, 7, 7, 7, 7, 7, 7, 7, 7, 7, 7, 7, 7, 7, 7, 8, 8, 8, 
8, 8, 8, 8, 8, 8, 8, 8, 8, 8, 8, 8, 8, 8, 8, 9, 9, 9, 9, 9, 9, 
9, 9, 9, 9, 9, 9, 9, 9, 9, 9, 10, 11, 11, 11, 11, 11, 11, 11, 
11, 11, 11, 11, 11, 11, 11, 11, 11, 11, 11, 11, 11, 12, 12, 12, 
12, 12, 12, 12, 12, 12, 12, 13, 14, 14, 14, 14, 14, 14, 14, 14, 
14, 14, 14, 14, 14, 14, 14, 15, 16, 16, 17, 17, 17, 17, 17, 17, 
17, 18, 18, 18, 18, 18, 18, 19, 19, 19, 19, 19, 19, 19, 19, 20, 
20, 20, 20, 20, 20, 20, 21, 21, 21, 21, 21, 21, 21, 22, 22, 22, 
22, 22, 22, 22, 22, 22, 23, 23, 23, 23, 23, 23, 23, 24, 24, 24, 
24, 24, 24, 24, 24, 24, 24, 24, 24, 24, 24, 25, 25, 25, 25, 25, 
25, 25, 25, 25, 26, 26, 26, 26, 27, 27, 27, 27, 27, 27, 27, 27, 
28, 28, 28, 28, 28, 29, 29, 30, 30, 30, 30, 30, 30, 30, 30, 30, 
30, 30, 30, 30, 31, 31, 32, 32, 32, 32, 32, 32, 32, 33, 33, 33, 
33, 33, 34, 34, 34, 34, 34, 34, 34, 34, 34, 34, 34, 34, 34, 34, 
35, 35, 35, 35, 35, 35, 35, 35, 35, 35, 35, 36, 36, 36, 36, 36, 
36, 36, 36, 36, 36, 36, 36, 36, 36, 36, 36, 36, 36, 36, 36, 36, 
36, 36, 36, 36, 36, 36, 36, 36, 36, 36, 36, 36, 36, 36, 36, 36, 
37, 37, 37, 37, 37, 37, 37, 37, 37, 37, 37, 37, 37, 37, 37, 37, 
37, 37, 37, 37, 37, 37, 37, 37, 37, 37, 37, 37, 37, 37, 37, 37, 
37, 37, 37, 37, 37, 37, 37, 37, 37, 37, 37, 37, 37, 37, 37, 37, 
37, 37, 37, 37, 38, 38, 38, 38, 38, 38, 38, 38, 38, 38, 38, 38, 
38, 38, 38, 38, 38, 38, 38, 38, 38, 38, 38, 38, 38, 38, 38, 38, 
38, 38, 38, 38, 38, 38, 38, 38, 39, 39, 40, 40, 40, 40, 40, 40, 
40, 40, 40, 41, 41, 41, 41, 41, 41, 41, 41, 41, 41, 42, 42, 42, 
42, 42, 42, 42, 42, 42, 42, 42, 42, 42, 42, 42, 42, 42, 42, 42, 
42, 42, 42, 42, 42, 42, 42, 42, 42, 42, 42, 42, 43, 43, 43, 43, 
43, 43, 43, 43, 44, 44, 44, 44, 44, 44, 45, 45, 45, 45, 45, 45, 
45, 45, 45, 45, 46, 46, 46, 46, 46, 46, 46, 46, 46, 46, 46, 46, 
46, 47, 47, 47, 47, 47, 47, 47, 47, 47, 47, 47, 47, 47, 48, 48, 
48, 48, 48, 48, 48, 48, 48, 48, 48, 48, 48, 48, 48, 49, 49, 49, 
49, 49, 49, 49, 49, 49, 49, 49, 49, 49, 49, 49, 49, 50, 50, 50, 
50, 50, 50, 50, 50, 50, 50, 51, 51, 51, 51, 51, 51, 51, 51, 51, 
51, 51, 51, 51, 51, 51, 51, 51, 51, 51, 51, 51, 51, 51, 51, 51, 
51, 51, 51, 51, 51, 51, 52, 52, 52, 52, 52, 52, 52, 52, 52, 52, 
52, 52, 52, 52, 52, 52, 52, 52, 52, 53, 53, 53, 53, 53, 53, 53, 
53, 53, 54, 54, 54, 54, 55, 55, 55, 55, 55, 55, 55, 55, 55, 55, 
55, 56, 56, 56, 56, 56, 56, 56, 57, 57, 57, 57, 57, 58, 58, 58, 
58, 58, 59, 59, 59, 59, 59, 59, 59, 60, 60, 60, 60, 60, 60, 60, 
60, 60, 60, 60, 60, 60, 60, 60, 60, 60, 60, 60, 60, 60, 60, 61, 
61, 61, 62, 62, 62, 62, 62, 62, 63, 63, 63, 63, 63, 63, 64, 64, 
64, 64, 64, 64, 64, 64, 65, 66, 67, 68, 68, 68, 68, 68, 68, 68, 
68, 69, 69, 69, 69, 69, 69, 69, 70, 70, 70, 70, 70, 70, 70, 71, 
71, 71, 71, 71, 72, 72, 72, 72, 72, 73, 73, 73, 73, 73, 73, 73, 
73, 73, 73, 73, 73, 73, 73, 73, 73, 73, 74, 74, 74, 74, 74, 74, 
74, 74, 74, 74, 74, 74, 74, 74, 74, 74, 74, 75, 75, 75, 75, 75, 
75, 75, 75, 76, 76, 76, 76, 76, 76, 76, 76, 76, 76, 77, 77, 77, 
77, 77, 77, 77, 77, 77, 77, 77, 77, 77, 77, 77, 77, 78, 78, 78, 
78, 78, 78, 78, 78, 78, 79, 79, 79, 79, 79, 79, 80, 80, 80, 80, 
80, 80, 80, 80, 80, 80, 81, 81, 82, 82, 82, 82, 83, 83, 83, 83, 
83, 83, 84, 84, 84, 84, 84, 84, 84, 84, 84, 84, 84, 84, 85, 85, 
85, 85, 85, 85, 85, 85, 85, 85, 85, 85, 85, 85, 85, 85, 85, 85, 
85, 85, 85, 86, 86, 86, 86, 86, 86, 86, 86, 87, 87, 87, 87, 87, 
87, 87, 87, 87, 87, 87, 87, 87, 87, 87, 87, 87, 87, 87, 87, 87, 
87, 87, 87, 87, 87, 87, 87, 87, 87, 87, 87, 87, 87, 88, 88, 88, 
88, 88, 88, 88, 88, 88, 88, 88, 88, 88, 88, 88, 88, 88, 88, 88, 
88, 88, 88, 88, 88, 88, 88, 88, 88, 89, 89, 89, 89, 89, 89, 89, 
89, 89, 89, 89, 89, 89, 89, 89, 89, 89, 89, 90, 90, 90, 90, 90, 
90, 90, 90, 90, 90, 90, 90, 91, 91, 92, 92, 92, 92, 92, 92, 92, 
92, 92, 92, 92, 93, 93, 93, 93, 93, 93, 93, 93, 93, 93, 93, 93, 
93, 93, 93, 93, 93, 93, 93, 94, 94, 94, 94, 94, 94, 94, 94, 94, 
94, 94, 94, 94, 94, 94, 94, 94, 94, 94, 95, 95, 95, 95, 95, 95, 
95, 95, 95, 95, 95, 95, 95, 95, 95, 95, 96, 96, 96, 96, 96, 96, 
96, 96, 96, 96, 96, 96, 96, 96, 96, 96, 97, 97, 97, 97, 97, 97, 
97, 97, 97, 97, 97, 97, 97, 97, 97, 97, 97, 97, 97, 97, 97, 97, 
97, 97, 97, 97, 97, 97, 97, 97, 97, 97, 97, 97, 98, 98, 98, 98, 
98, 98, 98, 98, 98, 98, 98, 98, 98, 98, 99, 99, 99, 99, 99, 99, 
99, 99, 99, 99, 99, 99, 99, 100, 100, 100, 100, 100, 100, 100, 
100, 100, 100, 100, 100, 100, 101, 101, 101, 101, 101, 101, 101, 
101, 101, 101, 101, 101, 101, 101, 101, 101, 101, 101, 101, 101, 
101, 101, 101, 101, 101, 101, 101, 101, 101, 101, 101, 101, 101, 
101, 102, 102, 102, 102, 102, 102, 102, 102, 102, 102, 102, 102, 
102, 102, 102, 102, 102, 103, 103, 103, 103, 103, 103, 103, 104, 
104, 104, 104, 104, 104, 104, 104, 104, 104, 104, 104, 105, 105, 
105, 105, 105, 105, 105, 105, 105, 105, 105, 105, 105, 105, 105, 
105, 105, 105, 105, 105, 105, 105, 105, 105, 106, 106, 106, 106, 
106, 106, 106, 106, 106, 106, 106, 106, 106, 107, 107, 107, 107, 
107, 107, 107, 107, 107, 107, 107, 107, 107, 107, 107, 107, 107, 
107, 107, 107, 107, 107, 107, 107, 107, 107, 107, 107, 107, 107, 
107, 107, 107, 107, 107, 107, 108, 108, 108, 108, 108, 108, 108, 
108, 108, 108, 109, 109, 109, 109, 109, 109, 109, 109, 109, 109, 
110, 110, 110, 110, 110, 110, 110, 110, 110, 110, 110, 110, 111, 
111, 111, 111, 111, 112, 113, 113, 113, 113, 113, 113, 113, 113, 
113, 113, 114, 114, 114, 114, 114, 114, 114, 114, 114, 114, 114, 
114, 114, 114, 114, 114, 114, 114, 114, 114, 114, 114, 114, 114, 
114, 114, 114, 114, 114, 115, 115, 115, 115, 115, 115, 115, 115, 
115, 115, 115, 115, 115, 116, 116, 116, 116, 116, 116, 116, 116, 
116, 117, 118, 118, 118, 118, 118, 118, 118, 118, 118, 119, 119, 
119, 119, 119, 119, 119, 119, 119, 119, 119, 119, 119, 119, 119, 
120, 120, 120, 120, 121, 121, 121, 121, 122, 122, 122, 122, 122, 
122, 123, 123, 123, 123, 123, 123, 123, 123, 123, 123, 123, 123, 
123, 123, 123, 123, 123, 123, 123, 123, 123, 123, 123, 123, 124, 
124, 124, 124, 124, 124, 125, 125, 125, 125, 125, 125, 125, 125, 
125, 125, 125, 126, 126, 126, 126, 126, 126, 126, 127, 127, 127, 
127, 127, 127, 127, 127, 127, 127, 127, 127, 127, 127, 127, 128, 
128, 128, 128, 128, 128, 128, 129, 129, 129, 129, 129, 129, 129, 
129, 129, 129, 129, 129, 129, 129, 129, 129, 130, 130, 130, 130, 
130, 130, 130, 130, 130, 130, 131, 131, 131, 131, 131, 131, 131, 
131, 131, 131, 131, 131, 131, 131, 131, 131, 131, 131, 131, 131, 
131, 131, 131, 131, 131, 131, 131, 131, 132, 132, 132, 132, 132, 
132, 132, 132, 132, 132, 132, 132, 132, 132, 132, 132, 132, 132, 
132, 132, 132, 132, 132, 132, 133, 133, 133, 133, 133, 133, 133, 
133, 133, 133, 133, 133, 133, 133, 133, 133, 134, 134, 134, 134, 
134, 134, 134, 134, 134, 134, 135, 135, 135, 135, 135, 135, 135, 
135, 136, 136, 136, 136, 136, 136, 136, 136, 136, 136, 137, 137, 
137, 137, 137, 137, 137, 137, 137, 137, 137, 137, 137, 137, 137, 
137, 137, 138, 138, 138, 138, 138, 138, 138, 138, 138, 138, 138, 
138, 138, 138, 138, 138, 138, 138, 138, 138, 138, 138, 139, 139, 
139, 139, 139, 139, 139, 139, 139, 139, 140, 140, 140, 140, 140, 
140, 140, 140, 140, 140, 141, 141, 141, 141, 141, 141, 142, 142, 
142, 142, 142, 142, 143, 143, 143, 143, 144, 144, 144, 144, 144, 
144, 144, 144, 144, 144, 144, 144, 144, 144, 144, 144, 145, 145, 
145, 145, 146, 146, 146, 146, 146, 147, 147, 147, 147, 147, 147, 
147, 147, 148, 148, 148, 148, 149, 149, 149, 149, 149, 149, 149, 
149, 149, 149, 149, 149, 149, 150, 150, 150, 150, 150, 150, 150, 
150, 150, 151, 151, 151, 151, 151, 151, 151, 152, 152, 152, 152, 
152, 152, 152, 152, 152, 152, 152, 152, 152, 152, 152, 153, 153, 
154, 154, 154, 154, 154, 154, 154, 154, 154, 154, 154, 154, 155, 
155, 155, 155, 155, 155, 156, 156, 156, 156, 156, 157, 157, 157, 
157, 157, 157, 157, 157, 157, 158, 158, 158, 158, 158, 158, 158, 
158, 159, 159, 159, 159, 159, 159, 159, 160, 160, 161, 161, 161, 
161, 161, 161, 162, 162, 162, 162, 162, 162, 162, 162, 162, 162, 
162, 162, 162, 162, 162, 162, 162, 162, 163, 163, 163, 163, 164, 
164, 164, 164, 165, 165, 165, 165, 165, 165, 165, 165, 165, 165, 
165, 165, 165, 165, 165, 165, 165, 165, 165, 165, 165, 165, 165, 
165, 165, 165, 165, 165, 165, 165, 165, 165, 165, 165, 165, 165, 
166, 166, 166, 166, 166, 167, 167, 167, 167, 167, 167, 167, 167, 
167, 167, 167, 167, 167, 167, 167, 167, 167, 167, 168, 168, 168, 
168, 168, 168, 168, 168, 168, 168, 168, 168, 168, 168, 168, 168, 
168, 168, 168, 168, 168, 168, 168, 168, 168, 168, 168, 168, 169, 
169, 169, 169, 169, 169, 169, 169, 169, 169, 169, 169, 169, 169, 
169, 169, 169, 169, 169, 169, 169, 169, 169, 169, 169, 169, 169, 
169, 169, 169, 169, 169, 169, 169, 169, 169, 170, 170, 170, 170, 
170, 170, 170, 170, 170, 170, 170, 170, 170, 170, 170, 170, 170, 
170, 170, 170, 170, 170, 170, 171, 171, 171, 171, 171, 171, 171, 
171, 171, 171, 171, 171, 171, 171, 172, 172, 172, 172, 172, 172, 
172, 172, 172, 172, 172, 172, 173, 173, 173, 173, 173, 173, 173, 
173, 173, 173, 173, 173, 173, 173, 173, 173, 173, 173, 173, 173, 
173, 174, 174, 174, 174, 174, 174, 174, 174, 174, 174, 174, 174, 
174, 174, 174, 174, 174, 174, 174, 174, 174, 174, 174, 174, 174, 
175, 175, 175, 175, 175, 175, 175, 175, 175, 175, 175, 175, 175, 
175, 175, 175, 175, 175, 175, 176, 176, 176, 176, 176, 176, 176, 
176, 176, 176, 176, 176, 176, 176, 176, 176, 176, 176, 176, 177, 
177, 177, 177, 177, 177, 177, 177, 177, 177, 177, 178, 178, 178, 
178, 178, 178, 178, 178, 178, 178, 179, 179, 179, 179, 179, 179, 
179, 179, 179, 179, 179, 180, 180, 180, 180, 180, 180, 180, 180, 
180, 180, 180, 180, 180, 180, 180, 180, 180, 180, 180, 180, 180, 
180, 180, 180, 180, 180, 180, 180, 180, 181, 181, 181, 181, 181, 
181, 181, 181, 181, 181, 182, 182, 182, 182, 182, 182, 182, 183, 
183, 183, 183, 183, 183, 183, 183, 183, 183, 183, 112, 112, 112, 
112, 184, 184, 184, 184, 184, 185, 185, 185, 185, 185, 185, 185, 
185, 186, 186, 186, 186, 186, 186, 186, 186, 186, 186, 186, 186, 
186, 186, 186, 186, 186, 186, 186, 186, 186, 186, 186, 186, 186, 
186, 186, 186, 186, 186, 186, 186, 186, 186, 186, 186, 186, 187, 
187, 187, 187, 187, 187, 187, 187, 187, 187, 187, 188, 188, 188, 
188, 188, 188, 188, 188, 188, 188, 188, 188, 188, 189, 189, 189, 
189, 189, 189, 189, 189, 189, 189, 189, 190, 190, 190, 190, 190, 
190, 190, 190, 190, 190, 190, 190, 190, 190, 190, 190, 190, 190, 
190, 191, 191, 191, 191, 191, 191, 191, 191, 191, 191, 191, 191, 
191, 191, 191, 191, 191, 191, 191, 191, 191, 191, 191, 191, 191, 
191, 191, 191, 192, 192, 192, 192, 192, 192, 192, 192, 192, 192, 
192, 192, 192, 192, 193, 193, 193, 193, 193, 193, 193, 193, 193, 
193, 194, 194, 194, 194, 194, 194, 194, 194, 194, 194, 194, 194, 
194, 194, 194, 194, 195, 195, 195, 196, 196, 196, 196, 197, 197, 
197, 197, 197, 197, 197, 197, 197, 197, 197, 197, 197, 197, 197, 
198, 199, 199, 200, 200, 200, 201, 202), c(0, 82, 83, 127, 142, 
3, 13, 16, 24, 26, 28, 30, 31, 62, 65, 66, 71, 84, 85, 86, 95, 
105, 2, 4, 12, 16, 24, 25, 26, 34, 57, 66, 68, 203, 84, 85, 86, 
88, 94, 95, 121, 126, 127, 131, 147, 151, 152, 163, 167, 186, 
3, 14, 31, 64, 75, 85, 93, 4, 104, 2, 5, 8, 15, 65, 203, 131, 
152, 163, 194, 11, 43, 118, 149, 154, 157, 162, 167, 183, 8, 
22, 59, 119, 121, 123, 126, 127, 134, 135, 149, 154, 156, 167, 
17, 25, 203, 85, 86, 110, 116, 126, 140, 144, 147, 151, 152, 
155, 163, 167, 186, 194, 9, 11, 20, 22, 91, 93, 94, 125, 147, 
155, 162, 167, 180, 181, 204, 205, 143, 21, 89, 93, 94, 114, 
118, 123, 124, 135, 136, 137, 143, 158, 167, 169, 180, 181, 182, 
186, 187, 2, 14, 17, 26, 32, 34, 55, 61, 75, 131, 14, 3, 13, 
14, 16, 24, 28, 30, 31, 54, 55, 61, 63, 75, 85, 86, 194, 14, 
95, 14, 16, 17, 26, 54, 63, 152, 23, 169, 180, 181, 182, 198, 
36, 203, 82, 94, 110, 127, 137, 142, 124, 125, 159, 180, 181, 
182, 204, 18, 21, 23, 96, 180, 181, 182, 9, 20, 22, 85, 93, 134, 
150, 204, 205, 203, 83, 96, 123, 180, 181, 182, 1, 14, 25, 30, 
31, 34, 35, 55, 62, 66, 71, 75, 85, 86, 2, 35, 68, 88, 90, 94, 
128, 152, 165, 17, 26, 152, 163, 24, 30, 31, 57, 85, 86, 93, 
95, 13, 14, 24, 31, 61, 2, 31, 1, 3, 14, 24, 28, 31, 55, 62, 
66, 70, 71, 85, 86, 56, 86, 2, 4, 25, 26, 32, 131, 167, 36, 50, 
88, 89, 165, 2, 16, 17, 32, 64, 65, 84, 85, 86, 93, 95, 110, 
147, 152, 27, 84, 85, 86, 90, 93, 94, 95, 128, 144, 165, 33, 
35, 37, 45, 49, 51, 52, 60, 78, 85, 87, 88, 89, 94, 97, 101, 
114, 128, 130, 137, 139, 140, 143, 144, 163, 165, 166, 167, 168, 
169, 174, 180, 194, 198, 206, 207, 202, 36, 37, 38, 39, 41, 42, 
45, 46, 49, 51, 52, 53, 60, 73, 77, 97, 98, 99, 100, 101, 102, 
104, 107, 108, 111, 113, 114, 130, 131, 132, 137, 138, 139, 141, 
144, 154, 164, 167, 168, 169, 172, 173, 174, 175, 176, 181, 183, 
208, 186, 188, 193, 209, 36, 37, 38, 41, 42, 47, 49, 52, 60, 
73, 74, 78, 94, 97, 100, 105, 106, 107, 109, 114, 131, 138, 164, 
167, 168, 169, 177, 183, 186, 210, 211, 200, 202, 212, 209, 213, 
106, 107, 40, 51, 74, 94, 103, 106, 109, 166, 183, 37, 38, 42, 
60, 106, 107, 168, 172, 188, 193, 37, 41, 42, 46, 73, 74, 100, 
107, 114, 124, 133, 136, 138, 164, 165, 168, 169, 170, 171, 173, 
176, 178, 183, 184, 186, 187, 191, 197, 210, 209, 214, 6, 43, 
91, 93, 157, 192, 205, 215, 38, 49, 60, 78, 107, 216, 37, 45, 
51, 101, 113, 130, 137, 174, 177, 193, 37, 42, 46, 73, 91, 138, 
173, 176, 185, 186, 193, 217, 218, 47, 74, 77, 79, 219, 94, 98, 
101, 103, 109, 157, 167, 183, 15, 38, 47, 51, 203, 94, 97, 104, 
109, 127, 151, 167, 186, 194, 201, 38, 42, 45, 49, 52, 60, 78, 
100, 101, 102, 107, 113, 130, 131, 138, 174, 33, 36, 87, 89, 
94, 97, 156, 183, 208, 206, 36, 37, 38, 40, 45, 47, 51, 52, 53, 
93, 94, 97, 98, 101, 102, 109, 113, 114, 127, 130, 131, 133, 
137, 139, 154, 166, 167, 174, 183, 194, 198, 36, 37, 38, 45, 
49, 51, 52, 53, 60, 78, 101, 102, 113, 114, 130, 131, 137, 174, 
179, 36, 45, 51, 97, 98, 101, 139, 166, 174, 14, 16, 17, 72, 
3, 13, 14, 16, 24, 29, 31, 58, 61, 64, 85, 13, 31, 62, 69, 70, 
71, 75, 35, 65, 85, 95, 152, 3, 14, 58, 64, 71, 17, 104, 110, 
116, 121, 126, 130, 38, 45, 76, 89, 97, 101, 105, 106, 107, 109, 
133, 141, 144, 148, 149, 150, 154, 162, 167, 168, 169, 183, 13, 
14, 31, 30, 66, 71, 84, 85, 95, 14, 16, 17, 26, 61, 75, 1, 3, 
14, 24, 30, 31, 58, 95, 183, 1, 16, 2, 14, 30, 31, 35, 95, 125, 
204, 1, 14, 30, 56, 63, 64, 70, 3, 14, 16, 31, 71, 85, 86, 3, 
31, 62, 64, 85, 14, 16, 54, 63, 72, 38, 60, 74, 97, 107, 131, 
132, 144, 146, 149, 162, 164, 168, 169, 172, 176, 183, 38, 42, 
73, 89, 98, 103, 107, 109, 114, 132, 138, 141, 167, 168, 169, 
183, 186, 2, 12, 14, 16, 31, 32, 75, 80, 6, 43, 89, 94, 141, 
144, 149, 150, 162, 220, 37, 38, 97, 98, 101, 103, 104, 107, 
109, 131, 132, 157, 164, 168, 169, 183, 36, 38, 60, 101, 107, 
114, 131, 139, 148, 43, 47, 48, 219, 115, 183, 2, 8, 32, 75, 
126, 127, 131, 149, 154, 167, 116, 160, 0, 82, 83, 96, 23, 82, 
83, 96, 110, 153, 36, 84, 85, 93, 94, 128, 137, 144, 147, 150, 
165, 194, 0, 14, 20, 21, 25, 36, 62, 85, 92, 93, 94, 96, 110, 
118, 140, 144, 147, 152, 155, 163, 165, 85, 86, 89, 92, 93, 95, 
96, 163, 9, 11, 33, 36, 43, 74, 85, 86, 88, 89, 92, 93, 94, 95, 
97, 114, 117, 124, 134, 143, 150, 155, 157, 162, 163, 165, 166, 
167, 169, 179, 180, 183, 198, 206, 2, 3, 25, 33, 34, 36, 50, 
56, 57, 65, 85, 87, 89, 93, 95, 111, 128, 155, 163, 165, 166, 
167, 169, 179, 183, 186, 198, 206, 33, 36, 85, 86, 87, 93, 94, 
95, 128, 144, 165, 166, 167, 169, 198, 220, 199, 206, 9, 90, 
116, 119, 140, 150, 155, 156, 161, 165, 194, 204, 87, 123, 20, 
91, 92, 124, 125, 153, 159, 180, 181, 182, 195, 9, 34, 85, 87, 
88, 94, 95, 111, 125, 135, 136, 140, 150, 161, 163, 165, 187, 
192, 199, 76, 82, 89, 93, 95, 100, 123, 136, 144, 150, 152, 156, 
161, 165, 167, 169, 181, 182, 186, 30, 31, 87, 88, 89, 93, 100, 
116, 130, 137, 165, 180, 184, 186, 190, 192, 21, 23, 82, 85, 
96, 110, 116, 117, 122, 123, 124, 128, 156, 180, 181, 182, 7, 
37, 38, 45, 46, 60, 73, 74, 77, 98, 99, 101, 102, 112, 132, 133, 
138, 157, 164, 168, 169, 170, 171, 172, 173, 174, 175, 176, 177, 
208, 184, 188, 189, 197, 77, 94, 97, 101, 103, 113, 114, 131, 
132, 133, 167, 169, 172, 197, 37, 100, 132, 136, 144, 146, 170, 
171, 174, 175, 178, 187, 197, 49, 87, 95, 107, 116, 130, 144, 
162, 180, 184, 186, 187, 193, 36, 37, 45, 47, 51, 52, 60, 78, 
94, 95, 98, 101, 102, 114, 130, 131, 137, 139, 146, 157, 164, 
166, 168, 170, 172, 173, 174, 175, 177, 179, 183, 185, 192, 220, 
36, 37, 49, 97, 101, 102, 112, 129, 130, 168, 170, 171, 172, 
174, 177, 208, 202, 77, 97, 98, 167, 168, 183, 206, 8, 102, 104, 
114, 116, 141, 144, 151, 167, 180, 186, 194, 2, 8, 38, 40, 48, 
49, 51, 60, 74, 101, 104, 105, 106, 107, 109, 121, 131, 133, 
146, 151, 154, 166, 169, 183, 8, 37, 39, 49, 60, 97, 105, 107, 
109, 131, 133, 138, 168, 0, 37, 38, 40, 42, 45, 49, 51, 52, 60, 
73, 78, 97, 98, 101, 102, 105, 106, 107, 109, 114, 130, 131, 
133, 138, 146, 148, 164, 167, 168, 169, 170, 173, 183, 211, 202, 
37, 42, 107, 108, 138, 146, 168, 183, 184, 200, 8, 40, 51, 64, 
106, 107, 138, 154, 167, 183, 59, 81, 96, 110, 116, 122, 123, 
151, 155, 180, 181, 182, 37, 167, 169, 173, 206, 209, 36, 37, 
45, 49, 51, 52, 101, 133, 137, 174, 36, 37, 45, 52, 60, 73, 74, 
97, 98, 99, 101, 102, 107, 114, 131, 132, 137, 138, 139, 141, 
146, 155, 164, 168, 173, 174, 179, 183, 186, 93, 94, 110, 119, 
121, 122, 123, 126, 134, 135, 143, 149, 161, 95, 96, 100, 116, 
128, 141, 155, 186, 199, 94, 86, 91, 93, 116, 128, 140, 155, 
165, 180, 9, 110, 115, 116, 119, 121, 122, 123, 126, 134, 135, 
143, 156, 160, 204, 96, 116, 128, 165, 123, 126, 150, 158, 122, 
123, 124, 134, 161, 204, 42, 89, 91, 95, 96, 110, 118, 122, 123, 
124, 134, 135, 157, 173, 175, 178, 180, 182, 190, 191, 197, 221, 
222, 223, 89, 91, 123, 173, 174, 182, 9, 79, 92, 116, 117, 118, 
125, 153, 165, 195, 204, 115, 119, 121, 122, 123, 126, 158, 36, 
47, 51, 74, 94, 97, 98, 103, 104, 109, 127, 157, 167, 168, 192, 
116, 127, 137, 155, 174, 186, 199, 49, 99, 129, 136, 137, 141, 
171, 173, 174, 175, 178, 186, 187, 190, 193, 197, 37, 49, 52, 
101, 128, 130, 137, 139, 165, 179, 2, 4, 8, 22, 32, 37, 38, 51, 
74, 75, 78, 80, 81, 102, 104, 105, 106, 107, 114, 131, 132, 139, 
149, 154, 166, 167, 168, 186, 37, 38, 77, 97, 98, 99, 104, 107, 
114, 139, 146, 164, 168, 169, 170, 171, 173, 174, 175, 178, 180, 
183, 187, 197, 42, 94, 112, 128, 146, 170, 171, 172, 173, 175, 
177, 208, 187, 189, 191, 197, 76, 99, 116, 135, 149, 151, 161, 
164, 169, 192, 95, 123, 136, 150, 151, 161, 187, 199, 87, 99, 
114, 138, 144, 173, 177, 186, 187, 193, 36, 37, 51, 52, 53, 94, 
98, 101, 109, 113, 128, 137, 146, 166, 174, 183, 194, 37, 38, 
42, 46, 97, 99, 100, 101, 102, 107, 108, 131, 164, 168, 173, 
174, 175, 176, 177, 183, 184, 186, 37, 51, 52, 78, 101, 107, 
114, 131, 173, 174, 85, 92, 96, 115, 116, 140, 152, 180, 181, 
194, 38, 97, 104, 107, 114, 138, 0, 19, 23, 203, 82, 142, 90, 
96, 128, 143, 51, 99, 101, 102, 104, 116, 134, 136, 146, 151, 
157, 167, 168, 170, 173, 186, 171, 175, 221, 222, 100, 168, 170, 
173, 187, 92, 93, 96, 140, 144, 152, 155, 165, 60, 101, 114, 
131, 6, 37, 97, 114, 132, 133, 154, 157, 162, 164, 167, 175, 
183, 135, 136, 150, 151, 161, 165, 180, 194, 199, 99, 127, 132, 
135, 144, 164, 169, 35, 59, 84, 85, 87, 93, 94, 115, 128, 144, 
147, 155, 165, 167, 194, 9, 91, 47, 60, 74, 106, 107, 109, 131, 
133, 141, 149, 167, 183, 36, 104, 116, 128, 173, 180, 77, 104, 
116, 155, 180, 97, 101, 144, 149, 157, 167, 173, 186, 197, 116, 
121, 122, 123, 126, 156, 158, 180, 92, 117, 124, 135, 180, 182, 
195, 135, 156, 93, 94, 135, 136, 186, 187, 6, 9, 20, 22, 60, 
76, 87, 93, 118, 125, 134, 135, 143, 144, 154, 157, 162, 187, 
85, 86, 118, 165, 38, 133, 189, 197, 21, 33, 36, 224, 42, 53, 
55, 85, 87, 88, 89, 93, 94, 95, 111, 123, 130, 135, 136, 147, 
150, 155, 161, 165, 166, 167, 175, 176, 178, 179, 186, 187, 194, 
198, 199, 206, 51, 127, 165, 186, 198, 11, 76, 88, 89, 111, 157, 
167, 169, 186, 192, 194, 225, 198, 220, 210, 199, 206, 226, 37, 
38, 42, 51, 74, 97, 98, 103, 107, 108, 109, 114, 123, 132, 137, 
138, 141, 149, 154, 164, 167, 169, 176, 183, 186, 187, 197, 211, 
6, 22, 38, 42, 49, 74, 88, 89, 97, 103, 111, 123, 137, 149, 166, 
167, 168, 171, 173, 174, 176, 181, 182, 183, 186, 225, 227, 198, 
228, 210, 200, 206, 201, 202, 209, 229, 97, 171, 176, 177, 178, 
187, 190, 230, 217, 231, 232, 233, 221, 222, 234, 235, 236, 237, 
218, 238, 239, 223, 216, 38, 170, 172, 176, 177, 191, 232, 240, 
241, 209, 213, 214, 242, 216, 37, 38, 170, 176, 187, 188, 221, 
218, 243, 238, 239, 216, 111, 173, 174, 182, 186, 187, 244, 230, 
231, 232, 212, 222, 245, 234, 240, 241, 209, 213, 223, 229, 216, 
97, 169, 173, 175, 177, 182, 208, 197, 244, 230, 217, 231, 232, 
233, 221, 222, 245, 234, 209, 246, 218, 243, 223, 229, 216, 102, 
171, 177, 178, 180, 184, 187, 190, 202, 221, 222, 245, 247, 234, 
248, 209, 213, 214, 223, 37, 38, 42, 46, 107, 167, 172, 174, 
185, 188, 191, 244, 230, 217, 249, 209, 218, 250, 238, 174, 177, 
178, 188, 193, 244, 230, 217, 221, 218, 243, 170, 171, 177, 185, 
188, 210, 201, 232, 242, 216, 23, 33, 52, 101, 113, 174, 179, 
183, 198, 206, 207, 36, 49, 85, 89, 92, 96, 97, 100, 101, 102, 
104, 107, 116, 123, 128, 130, 132, 135, 138, 139, 155, 165, 180, 
181, 182, 184, 186, 198, 202, 49, 96, 107, 123, 124, 171, 186, 
191, 210, 216, 173, 174, 186, 197, 198, 210, 229, 46, 47, 73, 
98, 107, 131, 210, 206, 201, 202, 251, 174, 197, 223, 216, 187, 
196, 209, 213, 214, 112, 172, 173, 178, 189, 232, 242, 216, 6, 
11, 36, 38, 87, 89, 93, 105, 107, 114, 135, 137, 138, 144, 149, 
154, 161, 162, 167, 168, 169, 173, 174, 176, 181, 182, 192, 194, 
225, 198, 220, 210, 199, 206, 252, 229, 216, 130, 133, 135, 136, 
174, 197, 221, 222, 209, 213, 223, 37, 106, 172, 177, 230, 217, 
231, 253, 221, 245, 237, 218, 216, 42, 46, 193, 231, 252, 233, 
253, 209, 250, 238, 254, 46, 176, 177, 190, 244, 230, 217, 232, 
253, 221, 222, 245, 234, 214, 236, 237, 218, 243, 216, 37, 38, 
168, 170, 171, 172, 176, 177, 178, 189, 190, 191, 244, 230, 252, 
232, 255, 235, 240, 241, 209, 213, 214, 236, 256, 243, 242, 216, 
50, 76, 82, 97, 123, 127, 134, 167, 169, 208, 186, 225, 198, 
220, 172, 189, 231, 233, 253, 209, 250, 238, 254, 242, 224, 89, 
93, 94, 111, 134, 135, 137, 161, 165, 170, 171, 176, 177, 199, 
257, 125, 195, 229, 174, 175, 221, 222, 164, 208, 197, 198, 220, 
199, 257, 221, 245, 248, 223, 216, 258, 259, 260, 36, 93, 199, 
38, 107, 169, 232, 129), c(0, 1, 2, 3, 4, 5, 6, 7, 8, 9, 10, 
11, 12, 13, 14, 15, 16, 17, 18, 19, 20, 21, 22, 23, 24, 25, 26, 
27, 28, 29, 30, 31, 32, 34, 35, 36, 37, 38, 39, 40, 41, 42, 43, 
44, 45, 46, 47, 48, 49, 33, 50, 51, 52, 53, 54, 55, 56, 57, 58, 
59, 60, 61, 62, 63, 65, 66, 67, 68, 64, 69, 70, 71, 72, 73, 74, 
75, 76, 77, 78, 79, 80, 81, 82, 83, 84, 85, 86, 87, 88, 89, 90, 
91, 92, 93, 95, 96, 97, 98, 99, 100, 101, 102, 103, 104, 105, 
106, 107, 108, 109, 94, 110, 111, 112, 113, 114, 115, 116, 117, 
118, 119, 120, 121, 122, 123, 124, 125, 126, 127, 128, 129, 130, 
131, 132, 133, 134, 135, 136, 137, 138, 139, 140, 141, 142, 143, 
144, 145, 146, 147, 148, 149, 150, 151, 152, 153, 154, 155, 156, 
157, 158, 159, 160, 161, 162, 163, 164, 165, 166, 167, 168, 169, 
170, 171, 172, 173, 174, 175, 176, 177, 178, 179, 180, 181, 182, 
183, 184, 185, 186, 187, 188, 189, 191, 192, 193, 194, 195, 196, 
190, 197, 198, 199, 200, 201, 202, 203, 204, 205, 206, 207, 208, 
209, 210, 211, 212, 213, 214, 215, 216, 217, 218, 219, 221, 222, 
223, 224, 225, 226, 220, 227, 228, 229, 230, 231, 232, 233, 234, 
235, 236, 237, 238, 239, 240, 241, 242, 243, 244, 245, 246, 247, 
248, 249, 250, 251, 252, 253, 254, 255, 256, 257, 258, 259, 260, 
261, 262, 263, 264, 265, 266, 267, 268, 269, 270, 271, 272, 273, 
274, 275, 276, 277, 278, 279, 280, 281, 282, 283, 284, 285, 286, 
287, 288, 289, 290, 291, 292, 293, 294, 295, 296, 297, 298, 299, 
300, 301, 302, 303, 304, 305, 306, 307, 308, 309, 310, 311, 312, 
313, 314, 315, 316, 317, 318, 319, 320, 321, 322, 323, 324, 325, 
326, 327, 328, 329, 330, 331, 332, 333, 334, 335, 336, 337, 338, 
339, 340, 341, 342, 343, 344, 345, 346, 347, 348, 349, 350, 351, 
352, 353, 354, 357, 355, 356, 358, 359, 360, 361, 362, 363, 364, 
365, 366, 367, 368, 369, 370, 371, 372, 373, 374, 375, 376, 377, 
378, 379, 380, 381, 382, 383, 384, 385, 386, 387, 388, 389, 390, 
391, 392, 393, 394, 395, 396, 397, 398, 399, 400, 401, 402, 403, 
404, 406, 407, 408, 405, 409, 410, 411, 412, 413, 414, 415, 416, 
417, 418, 419, 420, 421, 422, 423, 424, 425, 426, 427, 428, 429, 
430, 431, 432, 433, 434, 435, 436, 437, 438, 441, 442, 444, 439, 
440, 443, 445, 446, 447, 448, 449, 450, 451, 452, 453, 454, 455, 
456, 457, 458, 459, 460, 461, 462, 463, 464, 465, 466, 467, 468, 
469, 470, 471, 472, 473, 474, 475, 476, 477, 478, 479, 480, 481, 
482, 483, 484, 485, 486, 487, 488, 489, 490, 491, 492, 493, 494, 
496, 495, 497, 498, 499, 500, 501, 502, 503, 504, 505, 506, 507, 
508, 509, 510, 511, 512, 513, 514, 515, 516, 517, 518, 519, 520, 
521, 522, 523, 524, 525, 526, 527, 528, 529, 530, 531, 532, 533, 
534, 535, 536, 537, 538, 540, 541, 542, 543, 544, 545, 546, 547, 
539, 548, 549, 550, 551, 553, 554, 555, 556, 557, 558, 559, 560, 
561, 562, 552, 563, 564, 565, 566, 567, 568, 569, 570, 571, 572, 
573, 574, 575, 576, 577, 578, 579, 580, 581, 582, 583, 584, 585, 
586, 588, 587, 589, 590, 591, 592, 593, 594, 595, 596, 597, 598, 
599, 600, 601, 602, 603, 604, 605, 606, 607, 608, 609, 610, 611, 
612, 613, 614, 615, 616, 617, 618, 619, 620, 621, 622, 623, 624, 
625, 626, 627, 628, 629, 630, 631, 632, 633, 634, 635, 636, 637, 
638, 639, 640, 641, 642, 643, 644, 645, 646, 647, 648, 649, 650, 
651, 652, 653, 654, 655, 656, 657, 658, 659, 660, 661, 662, 663, 
664, 665, 666, 667, 668, 669, 670, 671, 672, 673, 674, 675, 676, 
677, 678, 679, 680, 681, 682, 683, 684, 685, 686, 687, 688, 689, 
690, 691, 692, 693, 694, 695, 696, 697, 698, 699, 700, 701, 702, 
703, 704, 705, 706, 707, 708, 709, 710, 711, 712, 713, 714, 715, 
716, 717, 718, 719, 720, 721, 722, 723, 724, 725, 726, 727, 728, 
729, 730, 731, 732, 733, 734, 735, 736, 737, 738, 739, 740, 741, 
742, 743, 744, 745, 746, 747, 748, 749, 750, 751, 752, 753, 754, 
755, 756, 757, 758, 759, 760, 761, 762, 763, 764, 765, 766, 767, 
768, 769, 770, 771, 772, 773, 774, 775, 776, 777, 778, 779, 780, 
781, 782, 783, 784, 785, 786, 787, 788, 789, 790, 791, 792, 793, 
794, 795, 796, 797, 798, 799, 800, 801, 802, 803, 804, 805, 806, 
807, 808, 809, 810, 811, 812, 813, 814, 815, 816, 817, 818, 819, 
820, 821, 822, 823, 824, 825, 826, 827, 828, 829, 830, 831, 832, 
833, 834, 835, 836, 837, 838, 839, 840, 841, 842, 843, 844, 845, 
846, 848, 849, 847, 850, 851, 852, 853, 854, 855, 856, 857, 858, 
859, 860, 861, 862, 863, 864, 865, 866, 867, 868, 869, 870, 871, 
872, 873, 874, 875, 876, 877, 878, 879, 880, 881, 882, 883, 884, 
885, 886, 887, 888, 889, 890, 891, 892, 893, 894, 895, 896, 897, 
898, 899, 900, 901, 902, 903, 904, 905, 906, 907, 908, 909, 910, 
911, 912, 913, 914, 915, 916, 917, 918, 919, 920, 921, 922, 923, 
924, 925, 926, 927, 928, 929, 930, 931, 932, 933, 934, 935, 936, 
937, 938, 939, 940, 941, 942, 943, 944, 945, 946, 947, 948, 949, 
950, 951, 952, 953, 954, 955, 956, 957, 958, 959, 960, 961, 962, 
963, 964, 965, 966, 967, 968, 969, 970, 971, 972, 973, 974, 975, 
976, 977, 978, 979, 980, 981, 982, 983, 984, 985, 986, 987, 988, 
989, 991, 992, 990, 993, 994, 995, 996, 997, 998, 999, 1000, 
1001, 1002, 1003, 1004, 1005, 1006, 1007, 1008, 1009, 1010, 1011, 
1012, 1013, 1014, 1015, 1016, 1017, 1018, 1019, 1020, 1021, 1022, 
1023, 1024, 1025, 1026, 1027, 1028, 1029, 1030, 1031, 1032, 1033, 
1034, 1035, 1036, 1037, 1038, 1039, 1040, 1041, 1042, 1043, 1044, 
1045, 1046, 1047, 1048, 1049, 1050, 1051, 1052, 1053, 1054, 1055, 
1056, 1057, 1058, 1059, 1060, 1061, 1062, 1063, 1064, 1065, 1066, 
1067, 1068, 1069, 1070, 1071, 1072, 1073, 1074, 1075, 1076, 1077, 
1078, 1079, 1080, 1081, 1082, 1083, 1084, 1085, 1086, 1087, 1088, 
1089, 1090, 1091, 1092, 1093, 1094, 1095, 1096, 1097, 1098, 1099, 
1100, 1101, 1102, 1103, 1104, 1105, 1106, 1107, 1108, 1109, 1110, 
1111, 1112, 1113, 1114, 1115, 1116, 1118, 1119, 1120, 1121, 1117, 
1122, 1123, 1124, 1125, 1126, 1127, 1128, 1129, 1130, 1131, 1132, 
1133, 1134, 1135, 1136, 1137, 1138, 1139, 1140, 1141, 1142, 1143, 
1144, 1145, 1146, 1147, 1148, 1149, 1150, 1151, 1152, 1153, 1154, 
1155, 1156, 1157, 1158, 1159, 1160, 1161, 1162, 1163, 1164, 1165, 
1166, 1167, 1168, 1169, 1170, 1171, 1172, 1173, 1174, 1175, 1176, 
1177, 1178, 1179, 1180, 1181, 1182, 1183, 1184, 1185, 1186, 1187, 
1188, 1189, 1190, 1191, 1192, 1193, 1194, 1195, 1196, 1197, 1198, 
1199, 1200, 1201, 1202, 1203, 1204, 1205, 1206, 1207, 1208, 1209, 
1210, 1212, 1211, 1213, 1214, 1215, 1216, 1217, 1218, 1219, 1220, 
1221, 1222, 1223, 1224, 1225, 1226, 1227, 1228, 1229, 1230, 1231, 
1232, 1233, 1234, 1235, 1236, 1237, 1238, 1239, 1240, 1241, 1242, 
1243, 1244, 1245, 1246, 1247, 1248, 1249, 1250, 1251, 1252, 1253, 
1254, 1255, 1256, 1257, 1258, 1259, 1260, 1261, 1262, 1263, 1264, 
1265, 1266, 1267, 1268, 1269, 1270, 1271, 1272, 1273, 1274, 1275, 
1276, 1277, 1278, 1279, 1280, 1281, 1282, 1283, 1284, 1285, 1286, 
1287, 1288, 1289, 1290, 1291, 1292, 1293, 1294, 1295, 1296, 1297, 
1298, 1299, 1300, 1301, 1302, 1304, 1303, 1305, 1306, 1307, 1308, 
1309, 1310, 1311, 1312, 1313, 1314, 1315, 1316, 1317, 1318, 1319, 
1320, 1321, 1322, 1323, 1324, 1325, 1326, 1327, 1328, 1329, 1330, 
1331, 1332, 1333, 1334, 1335, 1336, 1337, 1338, 1339, 1340, 1341, 
2219, 2220, 1342, 2222, 2221, 1343, 1344, 1345, 1346, 1347, 1348, 
1349, 1350, 1351, 1352, 1353, 1354, 1355, 1356, 1357, 1358, 1359, 
1360, 1361, 1362, 1363, 1364, 1365, 1366, 1367, 1368, 1369, 1370, 
1371, 1372, 1373, 1374, 1375, 1376, 1377, 1378, 1379, 1380, 1381, 
1382, 1383, 1384, 1385, 1386, 1387, 1388, 1389, 1390, 1391, 1392, 
1393, 1394, 1395, 1396, 1397, 1398, 1399, 1400, 1401, 1402, 1403, 
1404, 1405, 1406, 1407, 1408, 1409, 1410, 1411, 1412, 1413, 1414, 
1415, 1416, 1417, 1418, 1419, 1420, 1421, 1422, 1423, 1424, 1425, 
1426, 1427, 1428, 1429, 1430, 1431, 1432, 1433, 1434, 1435, 1436, 
1437, 1438, 1439, 1440, 1441, 1442, 1443, 1444, 1445, 1446, 1447, 
1448, 1449, 1450, 1451, 1452, 1453, 1454, 1455, 1456, 1457, 1458, 
1459, 1460, 1461, 1462, 1463, 1464, 1465, 1466, 1467, 1468, 1469, 
1470, 1471, 1472, 1473, 1474, 1475, 1476, 1477, 1478, 1479, 1480, 
1481, 1482, 1483, 1484, 1485, 1486, 1487, 1488, 1489, 1490, 1491, 
1492, 1493, 1494, 1495, 1496, 1497, 1498, 1499, 1500, 1501, 1502, 
1503, 1504, 1505, 1506, 1507, 1508, 1509, 1510, 1511, 1512, 1513, 
1514, 1515, 1516, 1517, 1518, 1519, 1520, 1521, 1522, 1523, 1524, 
1525, 1526, 1527, 1528, 1529, 1530, 1531, 1532, 1533, 1534, 1535, 
1536, 1537, 1538, 1539, 1540, 1541, 1542, 1543, 1544, 1545, 1546, 
1547, 1548, 1549, 1550, 1551, 1552, 1553, 1554, 1555, 1556, 1557, 
1558, 1559, 1560, 1561, 1562, 1563, 1564, 1565, 1566, 1567, 1568, 
1569, 1570, 1571, 1572, 1573, 1574, 1575, 1576, 1577, 1578, 1579, 
1580, 1581, 1582, 1583, 1584, 1585, 1586, 1587, 1588, 1589, 1590, 
1591, 1592, 1593, 1594, 1595, 1596, 1597, 1598, 1599, 1600, 1601, 
1603, 1604, 1605, 1606, 1602, 1607, 1608, 1609, 1610, 1611, 1612, 
1613, 1614, 1615, 1616, 1617, 1618, 1619, 1620, 1621, 1622, 1623, 
1624, 1625, 1626, 1627, 1628, 1629, 1630, 1631, 1632, 1633, 1634, 
1635, 1636, 1637, 1638, 1639, 1640, 1641, 1642, 1643, 1644, 1645, 
1646, 1647, 1648, 1649, 1650, 1651, 1652, 1653, 1654, 1655, 1656, 
1657, 1658, 1659, 1660, 1661, 1662, 1663, 1664, 1665, 1666, 1667, 
1668, 1669, 1670, 1671, 1672, 1673, 1674, 1675, 1676, 1677, 1678, 
1679, 1680, 1681, 1682, 1683, 1684, 1685, 1686, 1687, 1688, 1689, 
1690, 1691, 1692, 1693, 1694, 1695, 1696, 1697, 1698, 1699, 1700, 
1701, 1702, 1704, 1705, 1703, 1706, 1707, 1708, 1709, 1710, 1711, 
1712, 1713, 1714, 1715, 1716, 1717, 1718, 1719, 1720, 1721, 1722, 
1723, 1724, 1725, 1726, 1727, 1728, 1729, 1730, 1731, 1732, 1733, 
1734, 1735, 1736, 1737, 1738, 1739, 1740, 1741, 1742, 1743, 1744, 
1745, 1746, 1747, 1748, 1749, 1750, 1751, 1752, 1753, 1754, 1755, 
1756, 1757, 1758, 1759, 1760, 1761, 1762, 1763, 1764, 1765, 1766, 
1767, 1768, 1769, 1770, 1771, 1772, 1773, 1774, 1775, 1776, 1777, 
1778, 1779, 1780, 1781, 1782, 1783, 1784, 1785, 1786, 1787, 1788, 
1789, 1790, 1791, 1792, 1793, 1794, 1795, 1796, 1797, 1798, 1799, 
1800, 1801, 1802, 1803, 1804, 1805, 1806, 1807, 1808, 1809, 1810, 
1811, 1812, 1813, 1814, 1815, 1816, 1817, 1818, 1819, 1820, 1821, 
1822, 1823, 1824, 1825, 1826, 1827, 1828, 1829, 1830, 1831, 1832, 
1833, 1834, 1835, 1836, 1837, 1838, 1839, 1840, 1841, 1842, 1843, 
1844, 1845, 1846, 1847, 1848, 1849, 1850, 1851, 1852, 1853, 1854, 
1855, 1856, 1857, 1858, 1859, 1860, 1861, 1862, 1863, 1864, 1865, 
1866, 1867, 1868, 1869, 1870, 1871, 1872, 1873, 1874, 1875, 1876, 
1878, 1879, 1880, 1881, 1882, 1883, 1884, 1885, 1886, 1887, 1888, 
1889, 1890, 1891, 1892, 1893, 1894, 1895, 1896, 1897, 1898, 1899, 
1900, 1901, 1902, 1903, 1904, 1905, 1906, 1907, 1908, 1909, 1877, 
1910, 1911, 1912, 1913, 1914, 1915, 1916, 1917, 1918, 1919, 1920, 
1921, 1922, 1923, 1924, 1925, 1927, 1930, 1931, 1929, 1928, 1926, 
1932, 1933, 1934, 1935, 1936, 1937, 1938, 1939, 1940, 1941, 1942, 
1943, 1944, 1945, 1946, 1947, 1948, 1949, 1950, 1951, 1952, 1953, 
1954, 1955, 1956, 1957, 1958, 1959, 1960, 1961, 1962, 1963, 1964, 
1965, 1966, 1967, 1968, 1969, 1970, 1971, 1972, 1973, 1974, 1975, 
1976, 1977, 1978, 1979, 1980, 1981, 1982, 1983, 1984, 1985, 1988, 
1991, 1993, 1994, 1992, 1995, 1990, 1986, 1987, 1989, 1996, 1997, 
1998, 1999, 2000, 2001, 2002, 2003, 2019, 2005, 2015, 2009, 2010, 
2018, 2004, 2006, 2007, 2008, 2011, 2012, 2013, 2014, 2016, 2017, 
2020, 2021, 2022, 2023, 2024, 2025, 2029, 2030, 2031, 2033, 2026, 
2027, 2028, 2032, 2034, 2035, 2036, 2037, 2038, 2039, 2045, 2041, 
2040, 2043, 2044, 2042, 2046, 2047, 2048, 2049, 2050, 2051, 2062, 
2056, 2063, 2066, 2057, 2064, 2065, 2053, 2054, 2055, 2059, 2060, 
2061, 2052, 2058, 2067, 2068, 2069, 2070, 2071, 2072, 2074, 2073, 
2085, 2091, 2077, 2087, 2081, 2082, 2089, 2090, 2076, 2078, 2079, 
2080, 2084, 2088, 2075, 2083, 2086, 2092, 2093, 2094, 2095, 2096, 
2097, 2098, 2099, 2100, 2107, 2108, 2109, 2101, 2102, 2110, 2105, 
2103, 2104, 2106, 2111, 2112, 2113, 2114, 2115, 2116, 2117, 2118, 
2119, 2120, 2121, 2126, 2124, 2127, 2123, 2129, 2122, 2125, 2128, 
2130, 2131, 2132, 2133, 2134, 2137, 2139, 2138, 2136, 2140, 2135, 
2141, 2142, 2143, 2144, 2145, 2147, 2146, 2150, 2148, 2149, 2151, 
2152, 2153, 2154, 2155, 2156, 2157, 2158, 2159, 2160, 2161, 2162, 
2163, 2164, 2165, 2166, 2167, 2168, 2169, 2170, 2171, 2172, 2173, 
2174, 2175, 2176, 2177, 2178, 2179, 2180, 2181, 2182, 2183, 2184, 
2185, 2186, 2187, 2188, 2189, 2190, 2191, 2192, 2193, 2194, 2195, 
2196, 2197, 2198, 2199, 2200, 2201, 2202, 2203, 2204, 2205, 2206, 
2207, 2208, 2209, 2210, 2211, 2212, 2213, 2216, 2217, 2215, 2214, 
2218, 2223, 2224, 2225, 2226, 2227, 2228, 2229, 2230, 2231, 2232, 
2235, 2233, 2234, 2236, 2237, 2238, 2239, 2240, 2241, 2242, 2243, 
2244, 2245, 2246, 2247, 2248, 2249, 2250, 2251, 2252, 2253, 2254, 
2255, 2256, 2257, 2258, 2259, 2260, 2261, 2262, 2263, 2265, 2268, 
2269, 2267, 2272, 2266, 2264, 2271, 2270, 2273, 2274, 2275, 2276, 
2277, 2278, 2281, 2282, 2279, 2280, 2283, 2284, 2285, 2286, 2287, 
2296, 2289, 2295, 2292, 2288, 2290, 2294, 2293, 2291, 2297, 2298, 
2299, 2304, 2300, 2302, 2306, 2305, 2301, 2303, 2307, 2308, 2309, 
2310, 2311, 2321, 2326, 2314, 2324, 2317, 2318, 2313, 2315, 2320, 
2322, 2323, 2325, 2312, 2319, 2316, 2327, 2328, 2329, 2330, 2331, 
2332, 2333, 2334, 2335, 2336, 2337, 2338, 2347, 2348, 2349, 2354, 
2340, 2342, 2344, 2350, 2345, 2346, 2353, 2352, 2339, 2341, 2343, 
2351, 2355, 2356, 2357, 2358, 2359, 2360, 2361, 2362, 2363, 2365, 
2367, 2364, 2368, 2366, 2369, 2370, 2374, 2371, 2372, 2376, 2378, 
2375, 2373, 2377, 2380, 2381, 2382, 2383, 2384, 2385, 2386, 2387, 
2388, 2389, 2390, 2391, 2392, 2393, 2379, 2394, 2395, 2396, 2397, 
2398, 2399, 2400, 2401, 2402, 2404, 2405, 2407, 2403, 2413, 2406, 
2409, 2412, 2410, 2411, 2408, 2414, 2415, 2416, 2417, 2418, 2419, 
2420, 2421, 2422, 2423, 2424), c(0, 862, 884, 1269, 1700, 227, 
269, 724, 733, 743, 22, 59, 147, 241, 267, 284, 296, 735, 801, 
850, 947, 1232, 1539, 5, 50, 158, 270, 652, 675, 725, 750, 757, 
948, 23, 57, 285, 1540, 60, 498, 809, 1747, 1848, 1961, 2236, 
1088, 61, 78, 851, 1220, 1233, 1256, 1315, 1541, 110, 211, 913, 
993, 1018, 1414, 1473, 1791, 1849, 69, 111, 914, 1915, 2237, 
24, 802, 6, 159, 262, 653, 663, 709, 51, 148, 157, 160, 174, 
176, 228, 263, 271, 648, 654, 676, 710, 718, 726, 736, 744, 751, 
762, 803, 885, 62, 548, 7, 25, 161, 177, 297, 649, 655, 719, 
734, 752, 763, 804, 92, 149, 178, 250, 298, 650, 680, 720, 204, 
1701, 112, 212, 886, 1007, 1850, 127, 205, 887, 1072, 1874, 79, 
113, 213, 1542, 1851, 1962, 183, 206, 866, 1073, 1702, 2151, 
8, 26, 162, 254, 264, 272, 656, 727, 27, 93, 229, 286, 888, 949, 
9, 28, 150, 179, 251, 287, 721, 310, 10, 163, 273, 657, 11, 164, 
230, 255, 712, 728, 737, 745, 1056, 12, 52, 165, 231, 256, 265, 
268, 274, 658, 664, 711, 729, 738, 753, 758, 805, 1057, 151, 
288, 299, 806, 852, 1543, 321, 579, 915, 950, 975, 1875, 2152, 
29, 152, 232, 951, 1019, 233, 242, 322, 670, 739, 1776, 189, 
291, 358, 410, 580, 589, 620, 639, 835, 872, 889, 916, 952, 976, 
1162, 1196, 1343, 1353, 1491, 1635, 1805, 1876, 2162, 2238, 2417, 
323, 359, 411, 457, 467, 512, 522, 590, 621, 819, 1089, 1136, 
1163, 1197, 1257, 1270, 1305, 1337, 1344, 1354, 1529, 1544, 1567, 
1636, 1652, 1674, 1748, 1933, 2034, 2111, 2284, 2327, 360, 412, 
458, 506, 549, 563, 591, 622, 687, 767, 784, 820, 836, 1090, 
1234, 1271, 1545, 1568, 1653, 1694, 1870, 1934, 1963, 2020, 2035, 
2112, 2239, 2328, 2420, 361, 1258, 448, 592, 1235, 1272, 1316, 
362, 413, 468, 363, 414, 459, 469, 523, 564, 785, 1273, 1306, 
1443, 1591, 1654, 1878, 1935, 1964, 2113, 2297, 70, 499, 810, 
844, 917, 324, 364, 513, 565, 593, 623, 640, 688, 1091, 1164, 
1274, 1345, 1355, 365, 470, 524, 1092, 1655, 2114, 2208, 2298, 
2308, 415, 535, 550, 594, 845, 1165, 1492, 1793, 2209, 846, 1236, 
325, 366, 416, 507, 566, 624, 1149, 1198, 1237, 1259, 1275, 1346, 
1513, 1530, 1965, 2163, 2191, 292, 953, 2355, 326, 367, 449, 
514, 551, 595, 625, 641, 1166, 1238, 1276, 1317, 1347, 1493, 
1546, 1637, 1675, 1710, 1910, 1936, 327, 368, 417, 567, 596, 
626, 1167, 1277, 1348, 1356, 1531, 1638, 1676, 2153, 369, 597, 
627, 1639, 1879, 166, 180, 764, 153, 167, 234, 275, 1880, 282, 
746, 954, 30, 257, 955, 659, 677, 730, 80, 1325, 1777, 328, 370, 
418, 460, 508, 568, 628, 768, 837, 1093, 1168, 1239, 1260, 1278, 
1357, 1743, 1794, 1852, 154, 168, 266, 660, 722, 13, 235, 276, 
665, 759, 890, 169, 181, 747, 765, 53, 300, 661, 678, 748, 760, 
1318, 14, 63, 301, 671, 956, 15, 31, 236, 277, 713, 32, 243, 
666, 278, 667, 749, 16, 237, 279, 668, 679, 714, 754, 651, 766, 
371, 419, 471, 525, 786, 1094, 1279, 1358, 2210, 420, 450, 472, 
536, 769, 918, 1095, 1240, 1359, 1494, 1547, 1795, 1937, 1966, 
54, 155, 170, 238, 669, 723, 807, 853, 1548, 689, 1037, 1607, 
1853, 1916, 2356, 372, 537, 1096, 1122, 1213, 1569, 1811, 329, 
421, 509, 569, 629, 1169, 1280, 1549, 1677, 538, 1474, 808, 1550, 
1326, 1551, 1, 191, 863, 867, 1038, 1074, 1704, 2357, 2, 221, 
864, 868, 17, 34, 302, 311, 715, 873, 1778, 18, 35, 55, 95, 171, 
214, 239, 258, 280, 303, 312, 330, 662, 672, 716, 755, 761, 874, 
891, 905, 919, 957, 977, 1020, 1075, 1684, 1779, 1866, 1881, 
2164, 19, 36, 96, 172, 240, 259, 281, 283, 304, 313, 756, 906, 
920, 978, 1405, 1867, 331, 581, 958, 979, 1005, 1021, 1058, 1150, 
1625, 1780, 1854, 1882, 2240, 37, 244, 293, 332, 921, 1022, 1059, 
1883, 1917, 1967, 128, 294, 333, 582, 690, 787, 811, 907, 922, 
959, 1039, 1060, 1444, 1467, 1884, 1918, 1968, 2165, 2241, 2380, 
245, 314, 994, 1706, 114, 500, 526, 1008, 1406, 1445, 1468, 1792, 
892, 908, 923, 1009, 1475, 1685, 1735, 1833, 2166, 56, 115, 129, 
215, 260, 305, 315, 501, 598, 875, 893, 909, 924, 960, 980, 1040, 
1061, 1382, 1407, 1736, 1781, 1842, 1855, 1885, 2242, 2381, 2418, 
38, 116, 130, 192, 246, 316, 334, 422, 451, 540, 553, 583, 599, 
812, 876, 894, 925, 981, 1023, 1123, 1170, 1383, 1404, 1495, 
1592, 1640, 1782, 1843, 1886, 2382, 20, 39, 175, 261, 306, 317, 
673, 717, 731, 740, 910, 926, 961, 982, 1024, 1041, 1151, 1171, 
1395, 1446, 1617, 1887, 207, 222, 865, 869, 895, 911, 1076, 1327, 
1396, 1429, 1447, 1686, 1707, 1737, 2167, 2192, 335, 373, 423, 
554, 584, 600, 642, 691, 770, 821, 927, 1124, 1199, 1214, 1261, 
1281, 1360, 1496, 1570, 1656, 1695, 1749, 1816, 1938, 1969, 1997, 
2067, 2168, 2358, 374, 541, 601, 643, 788, 822, 1097, 1172, 1215, 
1282, 1361, 1497, 1571, 1641, 1939, 2211, 375, 1098, 1362, 1514, 
1572, 1608, 1626, 1657, 1711, 1769, 376, 424, 473, 570, 1042, 
1062, 1137, 1397, 1658, 1730, 2169, 336, 377, 515, 542, 571, 
602, 630, 644, 692, 823, 838, 1099, 1125, 1173, 1200, 1241, 1283, 
1349, 1363, 1532, 1642, 1659, 1678, 1712, 1744, 1817, 2154, 2170, 
378, 572, 603, 631, 1100, 1174, 1201, 1221, 1284, 1364, 1552, 
1660, 1713, 2092, 2171, 452, 543, 789, 824, 1126, 1498, 1940, 
1970, 58, 379, 555, 681, 825, 1222, 1242, 1499, 1553, 1573, 1696, 
1714, 1806, 1812, 2172, 21, 425, 693, 1243, 1262, 1285, 1554, 
2243, 426, 446, 453, 461, 694, 1244, 1286, 1319, 1555, 1796, 
2285, 380, 427, 447, 462, 474, 510, 573, 695, 771, 790, 826, 
839, 1152, 1245, 1263, 1287, 1307, 1320, 1365, 1556, 1574, 1661, 
1679, 1697, 1797, 1941, 2115, 2173, 2193, 2212, 2244, 2421, 381, 
1308, 1662, 1942, 428, 454, 544, 556, 604, 696, 791, 827, 1246, 
1264, 1288, 1500, 1643, 1798, 1943, 97, 193, 307, 682, 870, 896, 
1077, 1328, 1384, 1415, 1448, 382, 962, 1025, 1888, 1919, 1971, 
2046, 2383, 1101, 1202, 1593, 2228, 383, 516, 574, 605, 632, 
1127, 1644, 2155, 131, 337, 384, 429, 475, 606, 633, 792, 840, 
928, 1128, 1175, 1223, 1289, 1366, 1557, 1575, 1627, 1680, 1698, 
1745, 1750, 1944, 2245, 848, 1416, 1484, 1687, 1783, 98, 683, 
860, 995, 1063, 1078, 1153, 1224, 1329, 1398, 1408, 1417, 1430, 
1476, 1506, 1609, 1688, 1715, 1807, 1813, 1825, 2174, 929, 1079, 
1477, 1834, 71, 132, 897, 1449, 1478, 1856, 1868, 81, 996, 1385, 
1418, 1485, 40, 82, 684, 1247, 1386, 1419, 1486, 1826, 1080, 
1330, 1387, 1420, 1437, 1450, 1487, 1827, 83, 133, 223, 1006, 
1043, 1081, 1331, 1388, 1421, 1433, 1438, 1451, 1469, 1488, 1618, 
1828, 1889, 1945, 1972, 2175, 2194, 2359, 134, 197, 476, 930, 
1010, 1082, 1439, 1452, 1835, 2195, 117, 198, 741, 1011, 1026, 
1479, 1857, 2395, 41, 84, 99, 685, 854, 1389, 1422, 1434, 1489, 
1829, 3, 42, 85, 194, 557, 607, 855, 1501, 1507, 1770, 1911, 
2360, 247, 318, 338, 877, 963, 983, 1083, 1399, 1409, 1431, 1533, 
1594, 1645, 1708, 1784, 1808, 2176, 1203, 1515, 2424, 339, 385, 
517, 575, 608, 634, 686, 1064, 1154, 1176, 1204, 1290, 1534, 
1890, 2177, 2273, 43, 65, 156, 289, 386, 430, 576, 609, 635, 
772, 828, 841, 856, 1129, 1177, 1248, 1265, 1291, 1367, 1558, 
1663, 1681, 1746, 1799, 2213, 387, 773, 793, 829, 1102, 1130, 
1138, 1368, 1559, 1751, 1771, 1946, 2178, 477, 610, 697, 1103, 
1131, 1249, 1266, 1292, 1350, 1752, 1800, 1871, 2274, 86, 216, 
931, 1390, 1423, 1440, 1453, 1716, 1858, 2361, 2384, 87, 135, 
1027, 1391, 1424, 1454, 1610, 1760, 1772, 1836, 1840, 1844, 1859, 
1891, 2179, 2246, 2275, 2385, 136, 478, 1028, 1044, 1139, 1516, 
1619, 1717, 1761, 1845, 1892, 2276, 137, 195, 340, 388, 518, 
611, 636, 878, 1065, 1178, 1351, 1369, 1508, 1517, 1535, 1646, 
1947, 1973, 2247, 2386, 389, 431, 479, 527, 577, 794, 1104, 1267, 
1293, 1309, 1321, 1370, 1628, 1699, 1948, 2180, 2248, 341, 390, 
612, 645, 842, 1179, 1371, 1536, 1560, 1576, 2181, 100, 342, 
898, 997, 1029, 1410, 1689, 1738, 391, 698, 795, 813, 1225, 1372, 
1400, 1518, 1801, 1949, 4, 196, 1705, 126, 138, 343, 932, 1392, 
1425, 1709, 1860, 101, 319, 344, 392, 699, 774, 814, 879, 899, 
984, 1045, 1140, 1155, 1226, 1629, 1739, 1773, 1785, 1818, 1861, 
2249, 775, 1141, 1180, 1250, 1294, 1310, 1373, 1577, 1595, 1647, 
1718, 44, 102, 118, 308, 880, 900, 1786, 1893, 700, 843, 1295, 
72, 88, 701, 776, 815, 857, 1393, 1561, 1611, 1802, 1819, 1950, 
1974, 2250, 217, 702, 816, 881, 933, 998, 1030, 1046, 1435, 1620, 
1762, 1894, 45, 103, 558, 1227, 1251, 1332, 1612, 1621, 1719, 
1763, 46, 66, 104, 182, 248, 252, 309, 674, 901, 1047, 1690, 
1740, 871, 1012, 1480, 73, 89, 393, 613, 703, 858, 1252, 1322, 
1562, 1753, 1862, 1951, 2251, 105, 119, 902, 934, 964, 999, 1333, 
1374, 1401, 1411, 1509, 1741, 1787, 1814, 1895, 2182, 90, 585, 
1000, 1048, 1084, 1426, 1830, 1841, 74, 502, 545, 830, 935, 1105, 
1181, 1455, 1502, 1720, 1754, 1820, 1863, 1920, 139, 1436, 1490, 
1831, 199, 1013, 861, 1427, 1001, 1031, 1049, 1394, 1441, 1613, 
1622, 1764, 1896, 2252, 2387, 75, 120, 704, 777, 817, 936, 1156, 
1755, 1864, 2253, 47, 67, 106, 253, 345, 903, 912, 937, 965, 
1032, 394, 432, 480, 778, 831, 1106, 1182, 1296, 1375, 1578, 
1614, 1664, 1756, 1774, 1952, 2402, 249, 295, 320, 346, 481, 
882, 904, 938, 966, 985, 1002, 1033, 1050, 1066, 1412, 1432, 
1481, 1537, 1742, 1765, 1788, 1869, 1897, 1912, 2183, 2388, 347, 
455, 614, 646, 939, 967, 986, 1183, 1253, 1563, 1648, 1898, 1975, 
48, 76, 91, 107, 121, 140, 290, 348, 395, 433, 546, 559, 615, 
705, 796, 859, 940, 968, 987, 1051, 1132, 1216, 1228, 1297, 1323, 
1338, 1503, 1564, 1721, 1757, 1789, 1803, 1821, 1899, 1921, 1953, 
1976, 2116, 2254, 2362, 349, 396, 434, 463, 482, 706, 779, 797, 
832, 1107, 1184, 1205, 1217, 1268, 1298, 1311, 1376, 1504, 1565, 
1579, 1665, 1722, 1731, 1977, 2255, 2329, 141, 184, 350, 397, 
435, 483, 707, 780, 798, 833, 941, 969, 988, 1052, 1108, 1133, 
1254, 1299, 1339, 1580, 1615, 1775, 1922, 1954, 2068, 2256, 2363, 
2422, 484, 1109, 1142, 1185, 1206, 1300, 1581, 1596, 1723, 1732, 
2021, 2036, 2141, 2330, 2389, 485, 1110, 1143, 1207, 1519, 1582, 
1597, 1726, 1978, 1998, 2093, 2142, 2196, 2331, 2390, 398, 464, 
781, 1111, 1134, 1186, 1208, 1598, 2022, 2117, 2229, 2286, 2332, 
2369, 399, 486, 528, 1112, 1187, 1301, 1340, 1377, 1456, 1470, 
1520, 1583, 1599, 1630, 1666, 1682, 1724, 1733, 1809, 1822, 1979, 
2047, 2069, 2201, 2230, 2257, 351, 400, 519, 578, 616, 637, 647, 
1113, 1144, 1188, 1209, 2219, 1352, 1378, 1471, 1510, 1521, 1584, 
1649, 1667, 1683, 1980, 2048, 2118, 2130, 2156, 2202, 2258, 2277, 
2398, 401, 1114, 1145, 1189, 1457, 1522, 1585, 1600, 1668, 1727, 
1758, 1900, 2070, 2399, 402, 487, 529, 782, 1115, 1669, 1901, 
1955, 1981, 1999, 2023, 2037, 2259, 2309, 2333, 2391, 436, 520, 
1116, 1190, 1210, 1601, 1631, 1670, 2000, 2024, 2071, 2094, 2131, 
2143, 2287, 2310, 2334, 2392, 488, 1146, 1458, 1523, 1586, 1902, 
2001, 2095, 2132, 2231, 2335, 638, 942, 970, 1191, 1379, 1538, 
1903, 2157, 122, 142, 185, 200, 208, 224, 352, 943, 1014, 1067, 
1085, 1157, 1229, 1334, 1413, 1459, 1587, 1691, 1766, 1810, 1815, 
1832, 1837, 2096, 2184, 123, 143, 186, 201, 209, 225, 403, 1015, 
1053, 1086, 1335, 1692, 1982, 2185, 2260, 144, 187, 202, 210, 
226, 1016, 1054, 1087, 1336, 1460, 1472, 1838, 1983, 2049, 2072, 
2186, 2261, 77, 404, 437, 456, 489, 547, 586, 617, 708, 732, 
783, 799, 834, 849, 944, 971, 1192, 1218, 1255, 1302, 1312, 1324, 
1380, 1588, 1650, 1671, 1759, 1804, 1956, 1984, 2158, 490, 1068, 
1118, 1158, 1313, 1672, 2097, 2187, 530, 1193, 2119, 2144, 49, 
108, 145, 406, 438, 491, 531, 560, 800, 972, 1055, 1069, 1159, 
1230, 1381, 1402, 1511, 1524, 1566, 1632, 1673, 1725, 1823, 1846, 
1904, 1913, 1923, 1957, 1985, 2050, 2188, 2197, 2203, 2365, 146, 
492, 1034, 1147, 1160, 1525, 1589, 1603, 1623, 1633, 1734, 1847, 
1865, 1905, 1958, 2002, 2038, 2051, 2098, 2223, 407, 465, 1119, 
2039, 2120, 2133, 2145, 1120, 1604, 1872, 2232, 2336, 2370, 1070, 
1461, 1526, 2003, 2099, 2311, 2337, 493, 1462, 1605, 2025, 2121, 
2198, 2338, 503, 1035, 1071, 1194, 1505, 1616, 1924, 2262, 408, 
466, 521, 532, 1161, 1527, 1634, 2134, 2299, 68, 109, 173, 353, 
561, 618, 883, 1003, 1231, 1651, 1693, 1767, 1790, 1906, 1925, 
2263, 1017, 1482, 1839, 2396, 2224, 494, 1121, 1135, 1148, 2220, 
1463, 1528, 1590, 1606, 1824, 1873, 1959, 2074, 2204, 2278, 2404, 
188, 354, 619, 945, 973, 989, 1907, 1914, 1927, 1988, 2159, 2189, 
2205, 2265, 2367, 2405, 991, 1036, 1403, 1512, 1624, 1768, 1908, 
1930, 2268, 2393, 2407, 2419, 441, 1314, 1991, 562, 1993, 2147, 
2216, 357, 442, 1212, 1304, 1994, 2100, 2190, 2217, 33, 64, 94, 
190, 220, 552, 1703, 124, 203, 218, 742, 1004, 1428, 1442, 1483, 
125, 219, 504, 355, 588, 946, 974, 992, 1219, 1341, 1909, 1931, 
1992, 2160, 2215, 2269, 356, 2161, 405, 587, 1117, 1211, 1602, 
2073, 2364, 2403, 409, 444, 496, 1342, 1995, 2029, 2062, 2085, 
2107, 2126, 2225, 2281, 2304, 2347, 2374, 439, 495, 1929, 1990, 
2146, 2199, 2206, 2214, 2267, 440, 1303, 1960, 443, 2056, 445, 
2030, 2063, 2108, 2226, 2282, 2348, 497, 2031, 2109, 2227, 2321, 
2349, 505, 511, 2222, 2019, 2033, 2045, 2066, 2091, 2150, 2200, 
2235, 2272, 2296, 2326, 2354, 2413, 533, 2005, 2077, 2124, 2137, 
2289, 2314, 534, 2015, 2041, 2087, 2127, 2139, 2295, 2324, 539, 
847, 818, 990, 1195, 1928, 2266, 2368, 2406, 1464, 1728, 2009, 
2040, 2081, 2101, 2138, 2279, 2292, 2317, 2400, 2409, 1465, 1729, 
2010, 2057, 2082, 2102, 2280, 2318, 2401, 2221, 1466, 2018, 2064, 
2089, 2110, 2283, 2412, 1877, 2379, 1926, 1986, 2264, 2366, 1932, 
1987, 1989, 1996, 2065, 2090, 2207, 2271, 2397, 2004, 2053, 2076, 
2123, 2136, 2288, 2313, 2340, 2006, 2054, 2078, 2290, 2300, 2371, 
2007, 2026, 2055, 2079, 2148, 2233, 2315, 2342, 2423, 2008, 2080, 
2302, 2372, 2011, 2059, 2084, 2105, 2320, 2012, 2344, 2013, 2322, 
2350, 2014, 2294, 2323, 2016, 2043, 2129, 2306, 2376, 2017, 2044, 
2027, 2060, 2345, 2028, 2061, 2346, 2032, 2149, 2234, 2353, 2378, 
2042, 2088, 2140, 2325, 2352, 2052, 2075, 2122, 2135, 2312, 2339, 
2058, 2083, 2103, 2293, 2319, 2410, 2086, 2104, 2106, 2411, 2125, 
2128, 2305, 2375, 2218, 2270, 2301, 2341, 2291, 2303, 2316, 2373, 
2307, 2377, 2343, 2351, 2394, 2408, 2414, 2415, 2416), c(0, 5, 
22, 50, 57, 59, 69, 78, 92, 110, 126, 127, 147, 157, 158, 173, 
174, 176, 183, 189, 197, 204, 211, 220, 227, 241, 250, 254, 262, 
267, 269, 282, 284, 291, 296, 310, 321, 358, 410, 446, 448, 457, 
467, 498, 506, 512, 522, 535, 548, 563, 579, 589, 620, 639, 648, 
652, 663, 670, 675, 680, 687, 709, 712, 718, 724, 732, 733, 734, 
735, 743, 750, 757, 762, 767, 784, 801, 809, 819, 835, 844, 850, 
860, 862, 866, 872, 884, 905, 913, 947, 975, 993, 1005, 1007, 
1018, 1037, 1056, 1072, 1088, 1122, 1136, 1149, 1162, 1196, 1213, 
1220, 1232, 1256, 1269, 1305, 1315, 1325, 1337, 1342, 1347, 1357, 
1386, 1399, 1408, 1409, 1418, 1433, 1437, 1441, 1447, 1471, 1477, 
1488, 1495, 1510, 1517, 1533, 1543, 1571, 1595, 1611, 1621, 1629, 
1639, 1656, 1678, 1688, 1698, 1704, 1710, 1714, 1730, 1734, 1739, 
1747, 1751, 1764, 1773, 1780, 1795, 1797, 1809, 1815, 1820, 1829, 
1837, 1844, 1846, 1852, 1870, 1874, 1878, 1914, 1919, 1937, 1965, 
2001, 2024, 2038, 2050, 2071, 2096, 2115, 2134, 2145, 2155, 2166, 
2195, 2205, 2212, 2223, 2228, 2236, 2273, 2284, 2297, 2308, 2327, 
2355, 2369, 2379, 2395, 2398, 2402, 2417, 2418, 2420, 2423, 2424, 
2425, 2425, 2425, 2425, 2425, 2425, 2425, 2425, 2425, 2425, 2425, 
2425, 2425, 2425, 2425, 2425, 2425, 2425, 2425, 2425, 2425, 2425, 
2425, 2425, 2425, 2425, 2425, 2425, 2425, 2425, 2425, 2425, 2425, 
2425, 2425, 2425, 2425, 2425, 2425, 2425, 2425, 2425, 2425, 2425, 
2425, 2425, 2425, 2425, 2425, 2425, 2425, 2425, 2425, 2425, 2425, 
2425, 2425, 2425, 2425), c(0, 5, 10, 23, 33, 37, 38, 44, 45, 
53, 62, 62, 67, 69, 75, 96, 98, 110, 118, 119, 120, 125, 130, 
136, 142, 150, 156, 163, 164, 167, 168, 177, 194, 200, 207, 212, 
218, 243, 275, 304, 306, 311, 314, 331, 336, 336, 349, 358, 367, 
369, 386, 389, 409, 423, 428, 431, 436, 439, 442, 445, 448, 466, 
471, 477, 481, 488, 493, 498, 498, 500, 501, 504, 511, 513, 522, 
536, 545, 551, 558, 567, 569, 571, 573, 581, 585, 592, 622, 638, 
651, 661, 681, 685, 693, 702, 729, 759, 781, 797, 826, 842, 852, 
863, 891, 906, 914, 929, 937, 948, 980, 984, 999, 1010, 1018, 
1022, 1030, 1054, 1059, 1081, 1085, 1092, 1097, 1097, 1105, 1113, 
1135, 1145, 1153, 1163, 1175, 1192, 1195, 1211, 1236, 1249, 1262, 
1273, 1291, 1303, 1323, 1340, 1351, 1359, 1369, 1372, 1380, 1401, 
1401, 1412, 1420, 1423, 1437, 1449, 1459, 1471, 1474, 1487, 1503, 
1511, 1525, 1529, 1531, 1533, 1544, 1554, 1564, 1580, 1606, 1619, 
1659, 1685, 1713, 1728, 1743, 1757, 1783, 1813, 1827, 1843, 1861, 
1872, 1880, 1905, 1920, 1937, 1968, 1976, 1980, 2014, 2034, 2041, 
2047, 2054, 2061, 2069, 2078, 2094, 2098, 2099, 2115, 2131, 2143, 
2146, 2150, 2158, 2165, 2173, 2176, 2189, 2191, 2199, 2214, 2223, 
2226, 2228, 2235, 2241, 2242, 2257, 2264, 2272, 2274, 2281, 2293, 
2302, 2310, 2312, 2316, 2317, 2318, 2319, 2325, 2333, 2339, 2348, 
2352, 2357, 2359, 2362, 2365, 2370, 2372, 2375, 2378, 2383, 2388, 
2394, 2400, 2401, 2402, 2404, 2405, 2408, 2409, 2412, 2416, 2418, 
2419, 2420, 2422, 2423, 2424, 2425), list(c(1, 0, 1), structure(list(), names = character(0)), 
    list(name = c("PRC", "cPRC", "SNnuchPDF", "SNnuchNS", "SNnuchBx", 
    "SNgolden", "SNhorn", "SNhook", "SNlasso", "SNMIP-vc", "SNmus", 
    "SNantlerPDF", "SNPDF-dc", "SN-DLSO1.2", "SN-DLSO", "SN-DLSO1.2-1", 
    "SN-DLSO2l", "SNMB2", "eyespot-PRCR3", "eyespot-PRCR1", "MS1", 
    "MS4", "MS3", "MS5", "SN-ASTC", "SN-DLSO3-PDF", "SN-DLSO3", 
    "SN-IRP2-burs", "SN-IRP2-FMRF", "SN-MIP4", "SN-MIP1", "SN-WLD", 
    "SN-DSO17", "SNbicil", "SNasym", "SN47Ach", "pygPBunp", "chaeMech", 
    "ventralParaPB2", "interparaPM1", "antPUc", "spinPU1", "ventralParaPU1", 
    "hPUc1", "pygCirrusPUSM", "hCirrusPU", "ventralpostParaPUc2", 
    "hPUc", "dsoPUc1unp", "pygCirrusPU", "hPU2l-asymPDF", "hCR2", 
    "VentralpygCR2", "doCRunp", "SN-DLSO1.0", "SN-NS1", "SN-NS3", 
    "SN-NS4", "SN-NS15", "SNaant", "SNPDF-pyg", "SN-NS22", "SN-NS5", 
    "SN-NS17", "SN-YF5cil", "SN-NS19", "SN-NS20", "SN-NS6", "SN-NS29", 
    "SN-NS27", "SN-NS18", "SN-NS16", "SNadNS22", "SNFVa", "SNblunt", 
    "SN-DLSO1.3", "SNstiff", "SNbronto", "SNpygM", "SN-DLSO1.1", 
    "SNtorii", "SNtrpa", "IN1", "INton", "INpreSer", "INRGWa", 
    "INNOS", "cMNPDF-vcl1", "cMNATO", "cMNdc", "INlasso", "INdecussPre", 
    "INpreMN", "INCrossbow", "INarc1", "INarc2", "INsn", "INrope", 
    "INCM", "INchaeMech", "INFVa-pyg", "INsplitCR", "INsplitCRATO", 
    "INMC3", "INbiax", "INsplitPB-RF/Ya", "INsplitPBant", "INsplitPB", 
    "spinPB2", "INsplitPUh", "INdc", "INbackcross3", "MNcommUpL", 
    "INbiaxLeg", "INbiaxH", "INfoot", "INW", "INmidL", "INhook", 
    "INMBtype6", "INMBtype5", "INMBtype7", "INcross", "INpro", 
    "INproT2", "INpear", "INZ", "INbigloop", "INUturn", "INATOpyg", 
    "INcomm-Upstairs", "INasc-pyg", "INsplitBronto", "INleucoPU", 
    "INdecussfoot", "INdecusshook", "INpreLadder", "INcomm-Upcross", 
    "INsplitVent", "INcomm-DownL", "INlasso-postSN", "INcommascFV", 
    "INR1", "INmus", "INdescLuqinPDF", "INcosplit", "INcommdescFVa", 
    "INsqNSasym", "INbiaxHmid", "INhorn", "INMBPDF", "INMBdescFMRF", 
    "INDLSO", "INexsn", "INtorii", "INUturnMB", "INMBdesc3", 
    "INMBdesc2", "INpara", "INMBtype9", "INMBtype2", "INdecussM", 
    "INiaStiff", "INmantis", "INsplitSpin", "Ser-h1", "MC", "MNant", 
    "MNspinning", "Loop", "MNspiderATO-ant", "MNspider-post", 
    "MNbiramous", "MNring", "MNcrab", "MNhose", "MNbow", "MNwave", 
    "MNacicX", "cioMNcover", "MN3", "MN1", "MN2", "MC3cover", 
    "MNob-ipsi", "MNpostv", "Ser-tr1", "MNladder", "MNacic", 
    "MNarm", "MNantacic", "MNpostacic", "MNakro", "MNchae", "MNgland-head", 
    "MNheadV", "MNantelope", "MNsmile", "prototroch", "ciliatedGland", 
    "InterparaGland", "CB-pigment", "pygidial-pigment-cell", 
    "SN-DLSO1.1NP", "Glia-pigmented", "MUSpx", "covercell", "vacuolar-cell-head", 
    "V190", "MUSobP-neuV", "paratroch", "spinGland", "MUSac-neuDy", 
    "MUSobP-notV", "MUSobP-noty", "MUSpr-vt", "MUSlongV", "MUSac-notM", 
    "MUSchae-notAac", "MC2biax-1", "metatroch", "MUSobA-re", 
    "MUSobA-arc", "MUStrans", "VentraltrunkPUunp-Glialike", "akrotroch", 
    "pigment-cell", "crescentcell", "nuchalCiliaCilia", "MUSlongD", 
    "MUSac-notP", "MUSac-neuAV", "MUSac-neuPV", "MUSac-neuDx", 
    "MUSobA-lpp", "MUSobP-notD", "MUSchae-notDob", "MUSchae-notA", 
    "MUSchae-neuDac", "MUSchae-Are", "MUSobP-neuDlong", "MUSobP-neuDprox", 
    "MUSchae-neuAVt", "MUSchae-notAre", "MUSac-notA", "MUSobA-mpp", 
    "MUSchae-notD", "MUSobA-mlpp", "MUSobA-trans", "MUSobP-neuDdist", 
    "MUSchae-neuVob", "EC pigment 1342499", "MUSac-neuPD", "MUSac-neuDach", 
    "MUSchae-neuAVo", "MUSac-neure", "MUSchae-notDn", "MVGland", 
    "MUSax", "MUSll", "MUSch"), group = c("Sensory neuron", "Sensory neuron", 
    "Sensory neuron", "Sensory neuron", "Sensory neuron", "Sensory neuron", 
    "Sensory neuron", "Sensory neuron", "Sensory neuron", "Sensory neuron", 
    "Sensory neuron", "Sensory neuron", "Sensory neuron", "Sensory neuron", 
    "Sensory neuron", "Sensory neuron", "Sensory neuron", "Sensory neuron", 
    "Sensory neuron", "Sensory neuron", "Sensory neuron", "Sensory neuron", 
    "Sensory neuron", "Sensory neuron", "Sensory neuron", "Sensory neuron", 
    "Sensory neuron", "Sensory neuron", "Sensory neuron", "Sensory neuron", 
    "Sensory neuron", "Sensory neuron", "Sensory neuron", "Sensory neuron", 
    "Sensory neuron", "Sensory neuron", "Sensory neuron", "Sensory neuron", 
    "Sensory neuron", "Sensory neuron", "Sensory neuron", "Sensory neuron", 
    "Sensory neuron", "Sensory neuron", "Sensory neuron", "Sensory neuron", 
    "Sensory neuron", "Sensory neuron", "Sensory neuron", "Sensory neuron", 
    "Sensory neuron", "Sensory neuron", "Sensory neuron", "Sensory neuron", 
    "Sensory neuron", "Sensory neuron", "Sensory neuron", "Sensory neuron", 
    "Sensory neuron", "Sensory neuron", "Sensory neuron", "Sensory neuron", 
    "Sensory neuron", "Sensory neuron", "Sensory neuron", "Sensory neuron", 
    "Sensory neuron", "Sensory neuron", "Sensory neuron", "Sensory neuron", 
    "Sensory neuron", "Sensory neuron", "Sensory neuron", "Sensory neuron", 
    "Sensory neuron", "Sensory neuron", "Sensory neuron", "Sensory neuron", 
    "Sensory neuron", "Sensory neuron", "Sensory neuron", "Sensory neuron", 
    "interneuron", "interneuron", "interneuron", "interneuron", 
    "interneuron", "interneuron", "interneuron", "interneuron", 
    "interneuron", "interneuron", "interneuron", "interneuron", 
    "interneuron", "interneuron", "interneuron", "interneuron", 
    "interneuron", "interneuron", "interneuron", "interneuron", 
    "interneuron", "interneuron", "interneuron", "interneuron", 
    "interneuron", "interneuron", "interneuron", "interneuron", 
    "interneuron", "interneuron", "interneuron", "motorneuron", 
    "interneuron", "interneuron", "interneuron", "interneuron", 
    "interneuron", "interneuron", "interneuron", "interneuron", 
    "interneuron", "interneuron", "interneuron", "interneuron", 
    "interneuron", "interneuron", "interneuron", "interneuron", 
    "interneuron", "interneuron", "interneuron", "interneuron", 
    "interneuron", "interneuron", "interneuron", "interneuron", 
    "interneuron", "interneuron", "interneuron", "interneuron", 
    "interneuron", "interneuron", "interneuron", "interneuron", 
    "interneuron", "interneuron", "interneuron", "interneuron", 
    "interneuron", "interneuron", "interneuron", "interneuron", 
    "interneuron", "interneuron", "interneuron", "interneuron", 
    "interneuron", "interneuron", "interneuron", "interneuron", 
    "interneuron", "interneuron", "interneuron", "interneuron", 
    "motorneuron", "motorneuron", "motorneuron", "motorneuron", 
    "motorneuron", "motorneuron", "motorneuron", "motorneuron", 
    "motorneuron", "motorneuron", "motorneuron", "motorneuron", 
    "motorneuron", "motorneuron", "motorneuron", "motorneuron", 
    "motorneuron", "motorneuron", "motorneuron", "motorneuron", 
    "motorneuron", "motorneuron", "motorneuron", "motorneuron", 
    "motorneuron", "motorneuron", "motorneuron", "motorneuron", 
    "motorneuron", "motorneuron", "motorneuron", "motorneuron", 
    "motorneuron", "effector", "effector", "effector", "effector", 
    "effector", "Sensory neuron", "effector", "effector", "effector", 
    "effector", "effector", "effector", "effector", "effector", 
    "effector", "effector", "effector", "effector", "effector", 
    "effector", "interneuron", "effector", "effector", "effector", 
    "effector", "Sensory neuron", "effector", "effector", "effector", 
    "effector", "effector", "effector", "effector", "effector", 
    "effector", "effector", "effector", "effector", "effector", 
    "effector", "effector", "effector", "effector", "effector", 
    "effector", "effector", "effector", "effector", "effector", 
    "effector", "effector", "effector", "effector", "effector", 
    "effector", "effector", "effector", "effector", "effector", 
    "effector", "effector", "effector"), value = c(10, 22, 41, 
    17, 6, 11, 15, 15, 26, 25, 1, 25, 12, 7, 36, 3, 14, 15, 7, 
    9, 12, 12, 15, 13, 22, 15, 11, 9, 8, 3, 22, 19, 13, 12, 19, 
    17, 62, 84, 65, 4, 14, 13, 48, 13, 6, 23, 22, 22, 17, 33, 
    13, 51, 33, 14, 7, 16, 10, 8, 8, 10, 40, 8, 12, 10, 15, 6, 
    6, 1, 10, 8, 10, 12, 7, 26, 31, 17, 16, 23, 18, 8, 12, 4, 
    12, 10, 19, 51, 24, 47, 38, 38, 16, 10, 20, 46, 49, 38, 32, 
    63, 30, 23, 24, 62, 32, 15, 27, 32, 24, 68, 14, 25, 23, 13, 
    9, 18, 53, 18, 31, 5, 16, 20, 4, 12, 14, 46, 16, 19, 17, 
    27, 24, 19, 26, 53, 37, 29, 21, 26, 22, 37, 39, 21, 18, 16, 
    9, 12, 37, 4, 16, 16, 7, 27, 21, 17, 27, 5, 25, 22, 13, 23, 
    12, 9, 4, 17, 28, 14, 20, 62, 18, 58, 54, 64, 38, 29, 26, 
    47, 55, 33, 35, 29, 21, 19, 54, 25, 24, 42, 13, 12, 71, 31, 
    20, 17, 26, 35, 22, 19, 32, 7, 5, 31, 17, 14, 6, 5, 9, 7, 
    8, 3, 13, 2, 8, 15, 9, 3, 2, 7, 6, 1, 15, 7, 8, 2, 7, 12, 
    9, 8, 2, 4, 1, 1, 1, 6, 8, 6, 9, 4, 5, 2, 3, 3, 5, 2, 3, 
    3, 5, 5, 6, 6, 1, 1, 2, 1, 3, 1, 3, 4, 2, 1, 1, 2, 1, 1, 
    1), node_eccentricity_out = c(PRC = 6, cPRC = 4, SNnuchPDF = 4, 
    SNnuchNS = 5, SNnuchBx = 6, SNgolden = 5, SNhorn = 6, SNhook = 5, 
    SNlasso = 4, `SNMIP-vc` = 5, SNmus = 6, SNantlerPDF = 5, 
    `SNPDF-dc` = 5, `SN-DLSO1.2` = 6, `SN-DLSO` = 5, `SN-DLSO1.2-1` = 6, 
    `SN-DLSO2l` = 5, SNMB2 = 6, `eyespot-PRCR3` = 5, `eyespot-PRCR1` = 5, 
    MS1 = 5, MS4 = 5, MS3 = 5, MS5 = 5, `SN-ASTC` = 5, `SN-DLSO3-PDF` = 5, 
    `SN-DLSO3` = 6, `SN-IRP2-burs` = 5, `SN-IRP2-FMRF` = 6, `SN-MIP4` = 5, 
    `SN-MIP1` = 5, `SN-WLD` = 6, `SN-DSO17` = 5, SNbicil = 5, 
    SNasym = 5, SN47Ach = 5, pygPBunp = 4, chaeMech = 5, ventralParaPB2 = 5, 
    interparaPM1 = 5, antPUc = 5, spinPU1 = 5, ventralParaPU1 = 5, 
    hPUc1 = 5, pygCirrusPUSM = 6, hCirrusPU = 6, ventralpostParaPUc2 = 6, 
    hPUc = 5, dsoPUc1unp = 5, pygCirrusPU = 5, `hPU2l-asymPDF` = 5, 
    hCR2 = 5, VentralpygCR2 = 5, doCRunp = 5, `SN-DLSO1.0` = 6, 
    `SN-NS1` = 5, `SN-NS3` = 6, `SN-NS4` = 5, `SN-NS15` = 6, 
    SNaant = 6, `SNPDF-pyg` = 5, `SN-NS22` = 6, `SN-NS5` = 5, 
    `SN-NS17` = 6, `SN-YF5cil` = 5, `SN-NS19` = 6, `SN-NS20` = 5, 
    `SN-NS6` = 6, `SN-NS29` = 5, `SN-NS27` = 5, `SN-NS18` = 6, 
    `SN-NS16` = 5, SNadNS22 = 6, SNFVa = 5, SNblunt = 5, `SN-DLSO1.3` = 5, 
    SNstiff = 5, SNbronto = 5, SNpygM = 5, `SN-DLSO1.1` = 6, 
    SNtorii = 5, SNtrpa = 6, IN1 = 6, INton = 6, INpreSer = 5, 
    INRGWa = 5, INNOS = 5, `cMNPDF-vcl1` = 5, cMNATO = 4, cMNdc = 5, 
    INlasso = 5, INdecussPre = 6, INpreMN = 5, INCrossbow = 4, 
    INarc1 = 5, INarc2 = 5, INsn = 5, INrope = 5, INCM = 5, INchaeMech = 6, 
    `INFVa-pyg` = 5, INsplitCR = 5, INsplitCRATO = 5, INMC3 = 6, 
    INbiax = 5, `INsplitPB-RF/Ya` = 4, INsplitPBant = 5, INsplitPB = 5, 
    spinPB2 = 6, INsplitPUh = 4, INdc = 5, INbackcross3 = 6, 
    MNcommUpL = 7, INbiaxLeg = 5, INbiaxH = 5, INfoot = 5, INW = 5, 
    INmidL = 6, INhook = 5, INMBtype6 = 6, INMBtype5 = 5, INMBtype7 = 6, 
    INcross = 6, INpro = 5, INproT2 = 5, INpear = 5, INZ = 6, 
    INbigloop = 5, INUturn = 6, INATOpyg = 6, `INcomm-Upstairs` = 5, 
    `INasc-pyg` = 4, INsplitBronto = 5, INleucoPU = 6, INdecussfoot = 6, 
    INdecusshook = 6, INpreLadder = 5, `INcomm-Upcross` = 5, 
    INsplitVent = 5, `INcomm-DownL` = 5, `INlasso-postSN` = 5, 
    INcommascFV = 5, INR1 = 6, INmus = 5, INdescLuqinPDF = 5, 
    INcosplit = 6, INcommdescFVa = 6, INsqNSasym = 5, INbiaxHmid = 5, 
    INhorn = 6, INMBPDF = 5, INMBdescFMRF = 6, INDLSO = 5, INexsn = 6, 
    INtorii = 5, INUturnMB = 5, INMBdesc3 = 5, INMBdesc2 = 6, 
    INpara = 5, INMBtype9 = 5, INMBtype2 = 6, INdecussM = 5, 
    INiaStiff = 5, INmantis = 5, INsplitSpin = 6, `Ser-h1` = 4, 
    MC = 5, MNant = 5, MNspinning = 5, Loop = 5, `MNspiderATO-ant` = 6, 
    `MNspider-post` = 6, MNbiramous = 6, MNring = 6, MNcrab = 6, 
    MNhose = 5, MNbow = 6, MNwave = 6, MNacicX = 6, cioMNcover = 6, 
    MN3 = 4, MN1 = 5, MN2 = 6, MC3cover = 5, `MNob-ipsi` = 7, 
    MNpostv = 7, `Ser-tr1` = 5, MNladder = 6, MNacic = 5, MNarm = 6, 
    MNantacic = 7, MNpostacic = 6, MNakro = 6, MNchae = 7, `MNgland-head` = 5, 
    MNheadV = 6, MNantelope = 6, MNsmile = 6, prototroch = 5, 
    ciliatedGland = 5, InterparaGland = 6, `CB-pigment` = 1, 
    `pygidial-pigment-cell` = 7, `SN-DLSO1.1NP` = 0, `Glia-pigmented` = 0, 
    MUSpx = 0, covercell = 0, `vacuolar-cell-head` = 0, V190 = 0, 
    `MUSobP-neuV` = 0, paratroch = 0, spinGland = 0, `MUSac-neuDy` = 0, 
    `MUSobP-notV` = 0, `MUSobP-noty` = 0, `MUSpr-vt` = 0, MUSlongV = 0, 
    `MUSac-notM` = 0, `MUSchae-notAac` = 0, `MC2biax-1` = 0, 
    metatroch = 0, `MUSobA-re` = 0, `MUSobA-arc` = 0, MUStrans = 0, 
    `VentraltrunkPUunp-Glialike` = 0, akrotroch = 0, `pigment-cell` = 0, 
    crescentcell = 0, nuchalCiliaCilia = 0, MUSlongD = 0, `MUSac-notP` = 0, 
    `MUSac-neuAV` = 0, `MUSac-neuPV` = 0, `MUSac-neuDx` = 0, 
    `MUSobA-lpp` = 0, `MUSobP-notD` = 0, `MUSchae-notDob` = 0, 
    `MUSchae-notA` = 0, `MUSchae-neuDac` = 0, `MUSchae-Are` = 0, 
    `MUSobP-neuDlong` = 0, `MUSobP-neuDprox` = 0, `MUSchae-neuAVt` = 0, 
    `MUSchae-notAre` = 0, `MUSac-notA` = 0, `MUSobA-mpp` = 0, 
    `MUSchae-notD` = 0, `MUSobA-mlpp` = 0, `MUSobA-trans` = 0, 
    `MUSobP-neuDdist` = 0, `MUSchae-neuVob` = 0, `EC pigment 1342499` = 0, 
    `MUSac-neuPD` = 0, `MUSac-neuDach` = 0, `MUSchae-neuAVo` = 0, 
    `MUSac-neure` = 0, `MUSchae-notDn` = 0, MVGland = 0, MUSax = 0, 
    MUSll = 0, MUSch = 0), node_eccentricity_in = c(PRC = 5, 
    cPRC = 6, SNnuchPDF = 5, SNnuchNS = 5, SNnuchBx = 6, SNgolden = 0, 
    SNhorn = 5, SNhook = 5, SNlasso = 5, `SNMIP-vc` = 5, SNmus = 0, 
    SNantlerPDF = 5, `SNPDF-dc` = 6, `SN-DLSO1.2` = 6, `SN-DLSO` = 5, 
    `SN-DLSO1.2-1` = 6, `SN-DLSO2l` = 5, SNMB2 = 6, `eyespot-PRCR3` = 6, 
    `eyespot-PRCR1` = 7, MS1 = 5, MS4 = 5, MS3 = 5, MS5 = 5, 
    `SN-ASTC` = 5, `SN-DLSO3-PDF` = 5, `SN-DLSO3` = 6, `SN-IRP2-burs` = 6, 
    `SN-IRP2-FMRF` = 6, `SN-MIP4` = 6, `SN-MIP1` = 5, `SN-WLD` = 5, 
    `SN-DSO17` = 6, SNbicil = 5, SNasym = 5, SN47Ach = 5, pygPBunp = 4, 
    chaeMech = 4, ventralParaPB2 = 5, interparaPM1 = 5, antPUc = 5, 
    spinPU1 = 5, ventralParaPU1 = 4, hPUc1 = 5, pygCirrusPUSM = 0, 
    hCirrusPU = 5, ventralpostParaPUc2 = 5, hPUc = 5, dsoPUc1unp = 5, 
    pygCirrusPU = 4, `hPU2l-asymPDF` = 5, hCR2 = 4, VentralpygCR2 = 4, 
    doCRunp = 4, `SN-DLSO1.0` = 6, `SN-NS1` = 5, `SN-NS3` = 5, 
    `SN-NS4` = 5, `SN-NS15` = 6, SNaant = 5, `SNPDF-pyg` = 5, 
    `SN-NS22` = 6, `SN-NS5` = 5, `SN-NS17` = 6, `SN-YF5cil` = 5, 
    `SN-NS19` = 5, `SN-NS20` = 5, `SN-NS6` = 0, `SN-NS29` = 6, 
    `SN-NS27` = 6, `SN-NS18` = 6, `SN-NS16` = 6, SNadNS22 = 7, 
    SNFVa = 5, SNblunt = 5, `SN-DLSO1.3` = 5, SNstiff = 5, SNbronto = 5, 
    SNpygM = 5, `SN-DLSO1.1` = 5, SNtorii = 6, SNtrpa = 5, IN1 = 5, 
    INton = 6, INpreSer = 5, INRGWa = 4, INNOS = 5, `cMNPDF-vcl1` = 4, 
    cMNATO = 4, cMNdc = 4, INlasso = 5, INdecussPre = 5, INpreMN = 5, 
    INCrossbow = 4, INarc1 = 4, INarc2 = 4, INsn = 5, INrope = 4, 
    INCM = 5, INchaeMech = 5, `INFVa-pyg` = 4, INsplitCR = 4, 
    INsplitCRATO = 4, INMC3 = 5, INbiax = 4, `INsplitPB-RF/Ya` = 4, 
    INsplitPBant = 5, INsplitPB = 5, spinPB2 = 5, INsplitPUh = 5, 
    INdc = 5, INbackcross3 = 4, MNcommUpL = 5, INbiaxLeg = 5, 
    INbiaxH = 4, INfoot = 5, INW = 4, INmidL = 5, INhook = 5, 
    INMBtype6 = 6, INMBtype5 = 0, INMBtype7 = 5, INcross = 5, 
    INpro = 4, INproT2 = 4, INpear = 5, INZ = 5, INbigloop = 4, 
    INUturn = 4, INATOpyg = 5, `INcomm-Upstairs` = 4, `INasc-pyg` = 5, 
    INsplitBronto = 5, INleucoPU = 5, INdecussfoot = 4, INdecusshook = 4, 
    INpreLadder = 4, `INcomm-Upcross` = 4, INsplitVent = 5, `INcomm-DownL` = 4, 
    `INlasso-postSN` = 5, INcommascFV = 5, INR1 = 6, INmus = 4, 
    INdescLuqinPDF = 4, INcosplit = 0, INcommdescFVa = 5, INsqNSasym = 5, 
    INbiaxHmid = 5, INhorn = 4, INMBPDF = 4, INMBdescFMRF = 5, 
    INDLSO = 5, INexsn = 6, INtorii = 4, INUturnMB = 4, INMBdesc3 = 5, 
    INMBdesc2 = 4, INpara = 5, INMBtype9 = 6, INMBtype2 = 6, 
    INdecussM = 4, INiaStiff = 5, INmantis = 4, INsplitSpin = 5, 
    `Ser-h1` = 4, MC = 4, MNant = 4, MNspinning = 4, Loop = 4, 
    `MNspiderATO-ant` = 5, `MNspider-post` = 5, MNbiramous = 5, 
    MNring = 4, MNcrab = 4, MNhose = 4, MNbow = 4, MNwave = 5, 
    MNacicX = 4, cioMNcover = 4, MN3 = 4, MN1 = 4, MN2 = 4, MC3cover = 5, 
    `MNob-ipsi` = 4, MNpostv = 5, `Ser-tr1` = 4, MNladder = 4, 
    MNacic = 5, MNarm = 5, MNantacic = 4, MNpostacic = 5, MNakro = 4, 
    MNchae = 5, `MNgland-head` = 4, MNheadV = 6, MNantelope = 5, 
    MNsmile = 5, prototroch = 4, ciliatedGland = 4, InterparaGland = 5, 
    `CB-pigment` = 5, `pygidial-pigment-cell` = 4, `SN-DLSO1.1NP` = 5, 
    `Glia-pigmented` = 5, MUSpx = 5, covercell = 4, `vacuolar-cell-head` = 5, 
    V190 = 5, `MUSobP-neuV` = 5, paratroch = 5, spinGland = 5, 
    `MUSac-neuDy` = 5, `MUSobP-notV` = 5, `MUSobP-noty` = 5, 
    `MUSpr-vt` = 6, MUSlongV = 5, `MUSac-notM` = 5, `MUSchae-notAac` = 5, 
    `MC2biax-1` = 6, metatroch = 4, `MUSobA-re` = 5, `MUSobA-arc` = 5, 
    MUStrans = 5, `VentraltrunkPUunp-Glialike` = 5, akrotroch = 5, 
    `pigment-cell` = 5, crescentcell = 5, nuchalCiliaCilia = 5, 
    MUSlongD = 5, `MUSac-notP` = 5, `MUSac-neuAV` = 5, `MUSac-neuPV` = 5, 
    `MUSac-neuDx` = 5, `MUSobA-lpp` = 5, `MUSobP-notD` = 6, `MUSchae-notDob` = 5, 
    `MUSchae-notA` = 5, `MUSchae-neuDac` = 5, `MUSchae-Are` = 6, 
    `MUSobP-neuDlong` = 5, `MUSobP-neuDprox` = 5, `MUSchae-neuAVt` = 5, 
    `MUSchae-notAre` = 5, `MUSac-notA` = 5, `MUSobA-mpp` = 5, 
    `MUSchae-notD` = 5, `MUSobA-mlpp` = 5, `MUSobA-trans` = 5, 
    `MUSobP-neuDdist` = 5, `MUSchae-neuVob` = 5, `EC pigment 1342499` = 6, 
    `MUSac-neuPD` = 5, `MUSac-neuDach` = 5, `MUSchae-neuAVo` = 6, 
    `MUSac-neure` = 6, `MUSchae-notDn` = 6, MVGland = 5, MUSax = 6, 
    MUSll = 6, MUSch = 6), node_is_sink = c(PRC = FALSE, cPRC = FALSE, 
    SNnuchPDF = FALSE, SNnuchNS = FALSE, SNnuchBx = FALSE, SNgolden = FALSE, 
    SNhorn = FALSE, SNhook = FALSE, SNlasso = FALSE, `SNMIP-vc` = FALSE, 
    SNmus = FALSE, SNantlerPDF = FALSE, `SNPDF-dc` = FALSE, `SN-DLSO1.2` = FALSE, 
    `SN-DLSO` = FALSE, `SN-DLSO1.2-1` = FALSE, `SN-DLSO2l` = FALSE, 
    SNMB2 = FALSE, `eyespot-PRCR3` = FALSE, `eyespot-PRCR1` = FALSE, 
    MS1 = FALSE, MS4 = FALSE, MS3 = FALSE, MS5 = FALSE, `SN-ASTC` = FALSE, 
    `SN-DLSO3-PDF` = FALSE, `SN-DLSO3` = FALSE, `SN-IRP2-burs` = FALSE, 
    `SN-IRP2-FMRF` = FALSE, `SN-MIP4` = FALSE, `SN-MIP1` = FALSE, 
    `SN-WLD` = FALSE, `SN-DSO17` = FALSE, SNbicil = FALSE, SNasym = FALSE, 
    SN47Ach = FALSE, pygPBunp = FALSE, chaeMech = FALSE, ventralParaPB2 = FALSE, 
    interparaPM1 = FALSE, antPUc = FALSE, spinPU1 = FALSE, ventralParaPU1 = FALSE, 
    hPUc1 = FALSE, pygCirrusPUSM = FALSE, hCirrusPU = FALSE, 
    ventralpostParaPUc2 = FALSE, hPUc = FALSE, dsoPUc1unp = FALSE, 
    pygCirrusPU = FALSE, `hPU2l-asymPDF` = FALSE, hCR2 = FALSE, 
    VentralpygCR2 = FALSE, doCRunp = FALSE, `SN-DLSO1.0` = FALSE, 
    `SN-NS1` = FALSE, `SN-NS3` = FALSE, `SN-NS4` = FALSE, `SN-NS15` = FALSE, 
    SNaant = FALSE, `SNPDF-pyg` = FALSE, `SN-NS22` = FALSE, `SN-NS5` = FALSE, 
    `SN-NS17` = FALSE, `SN-YF5cil` = FALSE, `SN-NS19` = FALSE, 
    `SN-NS20` = FALSE, `SN-NS6` = FALSE, `SN-NS29` = FALSE, `SN-NS27` = FALSE, 
    `SN-NS18` = FALSE, `SN-NS16` = FALSE, SNadNS22 = FALSE, SNFVa = FALSE, 
    SNblunt = FALSE, `SN-DLSO1.3` = FALSE, SNstiff = FALSE, SNbronto = FALSE, 
    SNpygM = FALSE, `SN-DLSO1.1` = FALSE, SNtorii = FALSE, SNtrpa = FALSE, 
    IN1 = FALSE, INton = FALSE, INpreSer = FALSE, INRGWa = FALSE, 
    INNOS = FALSE, `cMNPDF-vcl1` = FALSE, cMNATO = FALSE, cMNdc = FALSE, 
    INlasso = FALSE, INdecussPre = FALSE, INpreMN = FALSE, INCrossbow = FALSE, 
    INarc1 = FALSE, INarc2 = FALSE, INsn = FALSE, INrope = FALSE, 
    INCM = FALSE, INchaeMech = FALSE, `INFVa-pyg` = FALSE, INsplitCR = FALSE, 
    INsplitCRATO = FALSE, INMC3 = FALSE, INbiax = FALSE, `INsplitPB-RF/Ya` = FALSE, 
    INsplitPBant = FALSE, INsplitPB = FALSE, spinPB2 = FALSE, 
    INsplitPUh = FALSE, INdc = FALSE, INbackcross3 = FALSE, MNcommUpL = FALSE, 
    INbiaxLeg = FALSE, INbiaxH = FALSE, INfoot = FALSE, INW = FALSE, 
    INmidL = FALSE, INhook = FALSE, INMBtype6 = FALSE, INMBtype5 = FALSE, 
    INMBtype7 = FALSE, INcross = FALSE, INpro = FALSE, INproT2 = FALSE, 
    INpear = FALSE, INZ = FALSE, INbigloop = FALSE, INUturn = FALSE, 
    INATOpyg = FALSE, `INcomm-Upstairs` = FALSE, `INasc-pyg` = FALSE, 
    INsplitBronto = FALSE, INleucoPU = FALSE, INdecussfoot = FALSE, 
    INdecusshook = FALSE, INpreLadder = FALSE, `INcomm-Upcross` = FALSE, 
    INsplitVent = FALSE, `INcomm-DownL` = FALSE, `INlasso-postSN` = FALSE, 
    INcommascFV = FALSE, INR1 = FALSE, INmus = FALSE, INdescLuqinPDF = FALSE, 
    INcosplit = FALSE, INcommdescFVa = FALSE, INsqNSasym = FALSE, 
    INbiaxHmid = FALSE, INhorn = FALSE, INMBPDF = FALSE, INMBdescFMRF = FALSE, 
    INDLSO = FALSE, INexsn = FALSE, INtorii = FALSE, INUturnMB = FALSE, 
    INMBdesc3 = FALSE, INMBdesc2 = FALSE, INpara = FALSE, INMBtype9 = FALSE, 
    INMBtype2 = FALSE, INdecussM = FALSE, INiaStiff = FALSE, 
    INmantis = FALSE, INsplitSpin = FALSE, `Ser-h1` = FALSE, 
    MC = FALSE, MNant = FALSE, MNspinning = FALSE, Loop = FALSE, 
    `MNspiderATO-ant` = FALSE, `MNspider-post` = FALSE, MNbiramous = FALSE, 
    MNring = FALSE, MNcrab = FALSE, MNhose = FALSE, MNbow = FALSE, 
    MNwave = FALSE, MNacicX = FALSE, cioMNcover = FALSE, MN3 = FALSE, 
    MN1 = FALSE, MN2 = FALSE, MC3cover = FALSE, `MNob-ipsi` = FALSE, 
    MNpostv = FALSE, `Ser-tr1` = FALSE, MNladder = FALSE, MNacic = FALSE, 
    MNarm = FALSE, MNantacic = FALSE, MNpostacic = FALSE, MNakro = FALSE, 
    MNchae = FALSE, `MNgland-head` = FALSE, MNheadV = FALSE, 
    MNantelope = FALSE, MNsmile = FALSE, prototroch = FALSE, 
    ciliatedGland = FALSE, InterparaGland = FALSE, `CB-pigment` = FALSE, 
    `pygidial-pigment-cell` = FALSE, `SN-DLSO1.1NP` = TRUE, `Glia-pigmented` = TRUE, 
    MUSpx = TRUE, covercell = TRUE, `vacuolar-cell-head` = TRUE, 
    V190 = TRUE, `MUSobP-neuV` = TRUE, paratroch = TRUE, spinGland = TRUE, 
    `MUSac-neuDy` = TRUE, `MUSobP-notV` = TRUE, `MUSobP-noty` = TRUE, 
    `MUSpr-vt` = TRUE, MUSlongV = TRUE, `MUSac-notM` = TRUE, 
    `MUSchae-notAac` = TRUE, `MC2biax-1` = TRUE, metatroch = TRUE, 
    `MUSobA-re` = TRUE, `MUSobA-arc` = TRUE, MUStrans = TRUE, 
    `VentraltrunkPUunp-Glialike` = TRUE, akrotroch = TRUE, `pigment-cell` = TRUE, 
    crescentcell = TRUE, nuchalCiliaCilia = TRUE, MUSlongD = TRUE, 
    `MUSac-notP` = TRUE, `MUSac-neuAV` = TRUE, `MUSac-neuPV` = TRUE, 
    `MUSac-neuDx` = TRUE, `MUSobA-lpp` = TRUE, `MUSobP-notD` = TRUE, 
    `MUSchae-notDob` = TRUE, `MUSchae-notA` = TRUE, `MUSchae-neuDac` = TRUE, 
    `MUSchae-Are` = TRUE, `MUSobP-neuDlong` = TRUE, `MUSobP-neuDprox` = TRUE, 
    `MUSchae-neuAVt` = TRUE, `MUSchae-notAre` = TRUE, `MUSac-notA` = TRUE, 
    `MUSobA-mpp` = TRUE, `MUSchae-notD` = TRUE, `MUSobA-mlpp` = TRUE, 
    `MUSobA-trans` = TRUE, `MUSobP-neuDdist` = TRUE, `MUSchae-neuVob` = TRUE, 
    `EC pigment 1342499` = TRUE, `MUSac-neuPD` = TRUE, `MUSac-neuDach` = TRUE, 
    `MUSchae-neuAVo` = TRUE, `MUSac-neure` = TRUE, `MUSchae-notDn` = TRUE, 
    MVGland = TRUE, MUSax = TRUE, MUSll = TRUE, MUSch = TRUE), 
        node_is_source = c(PRC = FALSE, cPRC = FALSE, SNnuchPDF = FALSE, 
        SNnuchNS = FALSE, SNnuchBx = FALSE, SNgolden = FALSE, 
        SNhorn = FALSE, SNhook = FALSE, SNlasso = FALSE, `SNMIP-vc` = FALSE, 
        SNmus = TRUE, SNantlerPDF = FALSE, `SNPDF-dc` = FALSE, 
        `SN-DLSO1.2` = FALSE, `SN-DLSO` = FALSE, `SN-DLSO1.2-1` = FALSE, 
        `SN-DLSO2l` = FALSE, SNMB2 = FALSE, `eyespot-PRCR3` = FALSE, 
        `eyespot-PRCR1` = FALSE, MS1 = FALSE, MS4 = FALSE, MS3 = FALSE, 
        MS5 = FALSE, `SN-ASTC` = FALSE, `SN-DLSO3-PDF` = FALSE, 
        `SN-DLSO3` = FALSE, `SN-IRP2-burs` = FALSE, `SN-IRP2-FMRF` = FALSE, 
        `SN-MIP4` = FALSE, `SN-MIP1` = FALSE, `SN-WLD` = FALSE, 
        `SN-DSO17` = FALSE, SNbicil = FALSE, SNasym = FALSE, 
        SN47Ach = FALSE, pygPBunp = FALSE, chaeMech = FALSE, 
        ventralParaPB2 = FALSE, interparaPM1 = FALSE, antPUc = FALSE, 
        spinPU1 = FALSE, ventralParaPU1 = FALSE, hPUc1 = FALSE, 
        pygCirrusPUSM = TRUE, hCirrusPU = FALSE, ventralpostParaPUc2 = FALSE, 
        hPUc = FALSE, dsoPUc1unp = FALSE, pygCirrusPU = FALSE, 
        `hPU2l-asymPDF` = FALSE, hCR2 = FALSE, VentralpygCR2 = FALSE, 
        doCRunp = FALSE, `SN-DLSO1.0` = FALSE, `SN-NS1` = FALSE, 
        `SN-NS3` = FALSE, `SN-NS4` = FALSE, `SN-NS15` = FALSE, 
        SNaant = FALSE, `SNPDF-pyg` = FALSE, `SN-NS22` = FALSE, 
        `SN-NS5` = FALSE, `SN-NS17` = FALSE, `SN-YF5cil` = FALSE, 
        `SN-NS19` = FALSE, `SN-NS20` = FALSE, `SN-NS6` = TRUE, 
        `SN-NS29` = FALSE, `SN-NS27` = FALSE, `SN-NS18` = FALSE, 
        `SN-NS16` = FALSE, SNadNS22 = FALSE, SNFVa = FALSE, SNblunt = FALSE, 
        `SN-DLSO1.3` = FALSE, SNstiff = FALSE, SNbronto = FALSE, 
        SNpygM = FALSE, `SN-DLSO1.1` = FALSE, SNtorii = FALSE, 
        SNtrpa = FALSE, IN1 = FALSE, INton = FALSE, INpreSer = FALSE, 
        INRGWa = FALSE, INNOS = FALSE, `cMNPDF-vcl1` = FALSE, 
        cMNATO = FALSE, cMNdc = FALSE, INlasso = FALSE, INdecussPre = FALSE, 
        INpreMN = FALSE, INCrossbow = FALSE, INarc1 = FALSE, 
        INarc2 = FALSE, INsn = FALSE, INrope = FALSE, INCM = FALSE, 
        INchaeMech = FALSE, `INFVa-pyg` = FALSE, INsplitCR = FALSE, 
        INsplitCRATO = FALSE, INMC3 = FALSE, INbiax = FALSE, 
        `INsplitPB-RF/Ya` = FALSE, INsplitPBant = FALSE, INsplitPB = FALSE, 
        spinPB2 = FALSE, INsplitPUh = FALSE, INdc = FALSE, INbackcross3 = FALSE, 
        MNcommUpL = FALSE, INbiaxLeg = FALSE, INbiaxH = FALSE, 
        INfoot = FALSE, INW = FALSE, INmidL = FALSE, INhook = FALSE, 
        INMBtype6 = FALSE, INMBtype5 = TRUE, INMBtype7 = FALSE, 
        INcross = FALSE, INpro = FALSE, INproT2 = FALSE, INpear = FALSE, 
        INZ = FALSE, INbigloop = FALSE, INUturn = FALSE, INATOpyg = FALSE, 
        `INcomm-Upstairs` = FALSE, `INasc-pyg` = FALSE, INsplitBronto = FALSE, 
        INleucoPU = FALSE, INdecussfoot = FALSE, INdecusshook = FALSE, 
        INpreLadder = FALSE, `INcomm-Upcross` = FALSE, INsplitVent = FALSE, 
        `INcomm-DownL` = FALSE, `INlasso-postSN` = FALSE, INcommascFV = FALSE, 
        INR1 = FALSE, INmus = FALSE, INdescLuqinPDF = FALSE, 
        INcosplit = TRUE, INcommdescFVa = FALSE, INsqNSasym = FALSE, 
        INbiaxHmid = FALSE, INhorn = FALSE, INMBPDF = FALSE, 
        INMBdescFMRF = FALSE, INDLSO = FALSE, INexsn = FALSE, 
        INtorii = FALSE, INUturnMB = FALSE, INMBdesc3 = FALSE, 
        INMBdesc2 = FALSE, INpara = FALSE, INMBtype9 = FALSE, 
        INMBtype2 = FALSE, INdecussM = FALSE, INiaStiff = FALSE, 
        INmantis = FALSE, INsplitSpin = FALSE, `Ser-h1` = FALSE, 
        MC = FALSE, MNant = FALSE, MNspinning = FALSE, Loop = FALSE, 
        `MNspiderATO-ant` = FALSE, `MNspider-post` = FALSE, MNbiramous = FALSE, 
        MNring = FALSE, MNcrab = FALSE, MNhose = FALSE, MNbow = FALSE, 
        MNwave = FALSE, MNacicX = FALSE, cioMNcover = FALSE, 
        MN3 = FALSE, MN1 = FALSE, MN2 = FALSE, MC3cover = FALSE, 
        `MNob-ipsi` = FALSE, MNpostv = FALSE, `Ser-tr1` = FALSE, 
        MNladder = FALSE, MNacic = FALSE, MNarm = FALSE, MNantacic = FALSE, 
        MNpostacic = FALSE, MNakro = FALSE, MNchae = FALSE, `MNgland-head` = FALSE, 
        MNheadV = FALSE, MNantelope = FALSE, MNsmile = FALSE, 
        prototroch = FALSE, ciliatedGland = FALSE, InterparaGland = FALSE, 
        `CB-pigment` = FALSE, `pygidial-pigment-cell` = FALSE, 
        `SN-DLSO1.1NP` = FALSE, `Glia-pigmented` = FALSE, MUSpx = FALSE, 
        covercell = FALSE, `vacuolar-cell-head` = FALSE, V190 = FALSE, 
        `MUSobP-neuV` = FALSE, paratroch = FALSE, spinGland = FALSE, 
        `MUSac-neuDy` = FALSE, `MUSobP-notV` = FALSE, `MUSobP-noty` = FALSE, 
        `MUSpr-vt` = FALSE, MUSlongV = FALSE, `MUSac-notM` = FALSE, 
        `MUSchae-notAac` = FALSE, `MC2biax-1` = FALSE, metatroch = FALSE, 
        `MUSobA-re` = FALSE, `MUSobA-arc` = FALSE, MUStrans = FALSE, 
        `VentraltrunkPUunp-Glialike` = FALSE, akrotroch = FALSE, 
        `pigment-cell` = FALSE, crescentcell = FALSE, nuchalCiliaCilia = FALSE, 
        MUSlongD = FALSE, `MUSac-notP` = FALSE, `MUSac-neuAV` = FALSE, 
        `MUSac-neuPV` = FALSE, `MUSac-neuDx` = FALSE, `MUSobA-lpp` = FALSE, 
        `MUSobP-notD` = FALSE, `MUSchae-notDob` = FALSE, `MUSchae-notA` = FALSE, 
        `MUSchae-neuDac` = FALSE, `MUSchae-Are` = FALSE, `MUSobP-neuDlong` = FALSE, 
        `MUSobP-neuDprox` = FALSE, `MUSchae-neuAVt` = FALSE, 
        `MUSchae-notAre` = FALSE, `MUSac-notA` = FALSE, `MUSobA-mpp` = FALSE, 
        `MUSchae-notD` = FALSE, `MUSobA-mlpp` = FALSE, `MUSobA-trans` = FALSE, 
        `MUSobP-neuDdist` = FALSE, `MUSchae-neuVob` = FALSE, 
        `EC pigment 1342499` = FALSE, `MUSac-neuPD` = FALSE, 
        `MUSac-neuDach` = FALSE, `MUSchae-neuAVo` = FALSE, `MUSac-neure` = FALSE, 
        `MUSchae-notDn` = FALSE, MVGland = FALSE, MUSax = FALSE, 
        MUSll = FALSE, MUSch = FALSE), node_is_cut = c(FALSE, 
        FALSE, FALSE, FALSE, FALSE, FALSE, FALSE, FALSE, FALSE, 
        FALSE, FALSE, FALSE, FALSE, FALSE, FALSE, FALSE, TRUE, 
        FALSE, FALSE, FALSE, FALSE, FALSE, FALSE, FALSE, FALSE, 
        FALSE, FALSE, FALSE, FALSE, FALSE, FALSE, FALSE, FALSE, 
        FALSE, FALSE, FALSE, FALSE, FALSE, FALSE, FALSE, FALSE, 
        FALSE, FALSE, TRUE, FALSE, FALSE, FALSE, FALSE, FALSE, 
        FALSE, FALSE, FALSE, FALSE, FALSE, FALSE, FALSE, FALSE, 
        FALSE, FALSE, FALSE, FALSE, FALSE, FALSE, FALSE, FALSE, 
        FALSE, FALSE, FALSE, FALSE, FALSE, FALSE, FALSE, FALSE, 
        FALSE, FALSE, FALSE, FALSE, FALSE, FALSE, FALSE, FALSE, 
        FALSE, FALSE, FALSE, FALSE, FALSE, FALSE, FALSE, FALSE, 
        FALSE, FALSE, FALSE, FALSE, FALSE, FALSE, FALSE, FALSE, 
        FALSE, FALSE, FALSE, FALSE, FALSE, FALSE, FALSE, FALSE, 
        FALSE, FALSE, FALSE, FALSE, FALSE, FALSE, FALSE, FALSE, 
        FALSE, FALSE, FALSE, FALSE, FALSE, FALSE, FALSE, FALSE, 
        FALSE, FALSE, FALSE, FALSE, FALSE, FALSE, FALSE, FALSE, 
        FALSE, FALSE, FALSE, FALSE, FALSE, FALSE, FALSE, FALSE, 
        FALSE, FALSE, FALSE, FALSE, FALSE, FALSE, TRUE, FALSE, 
        FALSE, FALSE, FALSE, FALSE, FALSE, FALSE, FALSE, FALSE, 
        FALSE, FALSE, FALSE, FALSE, FALSE, FALSE, FALSE, FALSE, 
        FALSE, FALSE, FALSE, FALSE, FALSE, FALSE, TRUE, FALSE, 
        TRUE, FALSE, FALSE, FALSE, FALSE, TRUE, TRUE, TRUE, FALSE, 
        FALSE, FALSE, FALSE, FALSE, FALSE, TRUE, FALSE, FALSE, 
        FALSE, FALSE, FALSE, FALSE, FALSE, TRUE, FALSE, FALSE, 
        FALSE, FALSE, FALSE, TRUE, FALSE, FALSE, FALSE, FALSE, 
        FALSE, FALSE, FALSE, FALSE, FALSE, FALSE, FALSE, FALSE, 
        FALSE, FALSE, FALSE, FALSE, FALSE, FALSE, FALSE, FALSE, 
        FALSE, FALSE, FALSE, FALSE, FALSE, FALSE, FALSE, FALSE, 
        FALSE, FALSE, FALSE, FALSE, FALSE, FALSE, FALSE, FALSE, 
        FALSE, FALSE, FALSE, FALSE, FALSE, FALSE, FALSE, FALSE, 
        FALSE, FALSE, FALSE, FALSE, FALSE, FALSE, FALSE, FALSE, 
        FALSE, FALSE, FALSE, FALSE, FALSE, FALSE, FALSE, FALSE, 
        FALSE, FALSE, FALSE)), list(synapses = c(21, 307, 1, 
    1, 8, 1, 1, 1, 37, 1, 2, 26, 1, 4, 66, 16, 3, 1, 64, 41, 
    1, 1, 36, 2, 1, 1, 1, 2, 1, 3, 2, 1, 1, 1, 1, 7, 1, 3, 44, 
    44, 2, 3, 1, 2, 2, 3, 3, 2, 2, 5, 1, 1, 5, 3, 1, 8, 1, 2, 
    9, 1, 4, 1, 11, 1, 8, 1, 1, 1, 2, 1, 1, 1, 23, 1, 1, 1, 8, 
    1, 1, 1, 1, 1, 1, 3, 2, 1, 2, 14, 5, 1, 1, 24, 1, 4, 1, 16, 
    3, 4, 11, 1, 22, 1, 1, 1, 1, 6, 1, 6, 1, 1, 2, 1, 1, 1, 1, 
    5, 7, 2, 4, 1, 2, 2, 13, 1, 1, 2, 2, 1, 2, 1, 1, 3, 8, 3, 
    2, 1, 1, 1, 1, 1, 25, 5, 38, 4, 3, 1, 1, 1, 1, 1, 1, 2, 2, 
    2, 1, 1, 1, 4, 3, 6, 44, 5, 3, 4, 5, 11, 2, 2, 1, 2, 1, 1, 
    1, 1, 14, 2, 11, 4, 5, 4, 5, 4, 1, 2, 1, 15, 19, 9, 58, 1, 
    8, 3, 4, 1, 1, 1, 15, 13, 1, 3, 6, 70, 13, 1, 1, 52, 2, 4, 
    40, 73, 41, 2, 2, 1, 2, 15, 2, 1, 1, 1, 1, 2, 2, 1, 2, 6, 
    4, 4, 2, 1, 3, 1, 1, 2, 2, 2, 1, 2, 1, 1, 2, 2, 1, 1, 1, 
    1, 1, 1, 2, 2, 1, 1, 3, 1, 2, 2, 1, 1, 4, 1, 1, 1, 1, 1, 
    2, 1, 1, 1, 1, 1, 1, 1, 2, 1, 1, 1, 2, 1, 1, 1, 1, 2, 1, 
    1, 24, 1, 1, 3, 12, 1, 2, 2, 1, 17, 1, 1, 1, 3, 2, 1, 1, 
    1, 1, 2, 1, 4, 8, 1, 3, 1, 1, 1, 29, 5, 1, 1, 1, 4, 14, 1, 
    2, 2, 1, 3, 2, 1, 1, 6, 1, 1, 6, 1, 4, 1, 8, 1, 4, 1, 1, 
    1, 1, 4, 1, 1, 1, 1, 12, 8, 4, 2, 1, 7, 4, 2, 12, 40, 9, 
    4, 5, 71, 6, 1, 2, 6, 1, 3, 1, 1, 6, 1, 2, 4, 1, 4, 11, 51, 
    17, 146, 17, 3, 2, 4, 3, 4, 41, 2, 46, 45, 1, 2, 7, 1, 1, 
    1, 7, 1, 29, 2, 3, 46, 7, 8, 4, 3, 5, 1, 1, 2, 3, 3, 1, 8, 
    47, 6, 4, 1, 2, 6, 2, 14, 2, 3, 2, 2, 2, 7, 29, 195, 6, 1, 
    4, 1, 1, 3, 21, 7, 1, 6, 1, 1, 1, 2, 1, 1, 2, 1, 2, 30, 6, 
    2, 2, 3, 2, 1, 1, 7, 2, 6, 4, 1, 2, 6, 3, 6, 1, 1, 1, 7, 
    1, 6, 3, 3, 1, 5, 6, 2, 1, 23, 1, 1, 1, 1, 8, 5, 1, 2, 7, 
    2, 1, 3, 1, 4, 17, 1, 1, 1, 1, 2, 1, 3, 2, 7, 1, 1, 1, 1, 
    1, 3, 3, 1, 1, 6, 1, 1, 1, 1, 6, 4, 3, 2, 1, 1, 5, 4, 1, 
    1, 1, 1, 5, 1, 1, 1, 1, 1, 1, 10, 2, 1, 2, 1, 1, 3, 1, 1, 
    14, 1, 3, 4, 4, 1, 1, 3, 3, 1, 1, 2, 8, 1, 1, 1, 1, 5, 1, 
    6, 1, 1, 6, 2, 3, 3, 3, 3, 2, 9, 9, 4, 3, 1, 2, 2, 1, 2, 
    2, 1, 4, 1, 2, 1, 8, 4, 4, 1, 5, 5, 1, 25, 5, 6, 6, 28, 20, 
    138, 92, 3, 2, 3, 4, 1, 1, 1, 1, 23, 6, 2, 6, 3, 6, 1, 2, 
    2, 8, 12, 2, 1, 3, 6, 42, 1, 2, 1, 73, 14, 8, 3, 8, 6, 11, 
    21, 3, 1, 1, 3, 1, 3, 4, 2, 1, 3, 12, 10, 2, 1, 1, 1, 4, 
    1, 1, 1, 1, 1, 2, 1, 1, 1, 7, 1, 1, 1, 2, 1, 1, 1, 1, 3, 
    1, 6, 1, 1, 10, 1, 1, 1, 3, 1, 2, 11, 1, 1, 1, 6, 3, 1, 3, 
    2, 1, 5, 3, 1, 1, 8, 1, 1, 5, 5, 2, 3, 1, 1, 1, 1, 2, 2, 
    1, 1, 1, 2, 16, 1, 3, 1, 1, 1, 1, 1, 3, 4, 2, 1, 1, 3, 1, 
    1, 1, 1, 2, 1, 1, 1, 2, 1, 1, 1, 1, 1, 1, 1, 1, 1, 1, 2, 
    1, 1, 1, 1, 1, 1, 3, 5, 1, 1, 5, 4, 1, 1, 1, 1, 1, 1, 1, 
    2, 1, 5, 1, 1, 1, 4, 1, 1, 1, 7, 1, 1, 1, 19, 3, 1, 4, 1, 
    2, 1, 4, 5, 2, 2, 3, 2, 1, 3, 1, 8, 1, 5, 10, 1, 2, 4, 2, 
    1, 1, 1, 1, 1, 1, 1, 1, 8, 5, 5, 1, 5, 1, 12, 3, 2, 1, 1, 
    2, 1, 4, 20, 1, 2, 5, 2, 21, 1, 2, 13, 2, 3, 2, 18, 1, 2, 
    1, 1, 1, 1, 1, 2, 5, 2, 1, 4, 1, 4, 4, 7, 8, 7, 4, 1, 1, 
    87, 28, 2, 2, 12, 2, 4, 2, 2, 1, 1, 1, 1, 7, 5, 1, 7, 2, 
    1, 22, 5, 4, 1, 3, 6, 1, 1, 1, 17, 18, 12, 5, 24, 1, 3, 1, 
    6, 6, 1, 1, 2, 77, 92, 5, 1, 1, 1, 1, 1, 2, 3, 1, 4, 5, 3, 
    1, 6, 1, 13, 11, 1, 1, 2, 2, 1, 1, 2, 1, 1, 2, 1, 2, 1, 2, 
    2, 8, 5, 1, 3, 1, 1, 6, 22, 3, 5, 1, 10, 4, 2, 8, 1, 1, 3, 
    1, 1, 2, 10, 1, 6, 2, 1, 1, 1, 9, 12, 2, 5, 2, 2, 3, 46, 
    9, 1, 6, 3, 1, 2, 2, 11, 2, 1, 1, 3, 3, 10, 3, 26, 2, 1, 
    1, 1, 29, 4, 5, 3, 1, 1, 1, 3, 1, 2, 1, 2, 2, 8, 16, 5, 8, 
    1, 1, 1, 14, 28, 36, 2, 1, 1, 2, 3, 1, 1, 1, 1, 1, 3, 1, 
    1, 1, 1, 1, 1, 1, 1, 3, 1, 1, 1, 6, 1, 2, 4, 1, 1, 3, 1, 
    1, 3, 4, 3, 2, 2, 8, 1, 1, 1, 1, 3, 1, 2, 3, 3, 2, 1, 3, 
    1, 3, 2, 1, 2, 1, 6, 1, 2, 22, 5, 3, 1, 1, 16, 18, 1, 1, 
    6, 63, 58, 1, 3, 1, 1, 2, 1, 2, 2, 1, 2, 1, 1, 4, 1, 1, 4, 
    14, 1, 2, 5, 26, 21, 25, 48, 14, 3, 10, 1, 1, 10, 1, 1, 2, 
    31, 3, 3, 2, 2, 3, 1, 1, 1, 2, 2, 29, 31, 2, 1, 2, 1, 2, 
    1, 1, 2, 3, 4, 3, 1, 12, 4, 1, 2, 1, 1, 1, 2, 7, 1, 2, 3, 
    3, 1, 17, 1, 2, 1, 3, 1, 8, 6, 3, 1, 4, 2, 2, 24, 9, 4, 6, 
    4, 3, 3, 1, 1, 1, 1, 7, 1, 7, 2, 25, 4, 7, 2, 1, 1, 1, 1, 
    1, 1, 2, 1, 2, 1, 1, 2, 4, 3, 2, 2, 7, 3, 1, 2, 8, 3, 1, 
    5, 1, 1, 22, 1, 2, 4, 4, 1, 7, 2, 3, 2, 1, 1, 4, 1, 4, 17, 
    5, 2, 2, 1, 1, 4, 1, 1, 1, 1, 22, 17, 1, 1, 6, 1, 1, 1, 1, 
    5, 1, 5, 3, 1, 1, 1, 6, 1, 2, 5, 7, 11, 2, 1, 3, 1, 3, 9, 
    1, 2, 1, 3, 1, 1, 14, 6, 1, 1, 1, 4, 1, 4, 5, 60, 1, 1, 2, 
    22, 14, 2, 1, 1, 1, 1, 16, 8, 4, 6, 10, 2, 2, 1, 1, 11, 1, 
    2, 2, 2, 3, 2, 1, 1, 1, 1, 1, 5, 5, 1, 4, 1, 2, 1, 1, 6, 
    5, 1, 1, 6, 1, 1, 1, 6, 5, 3, 1, 1, 1, 1, 1, 4, 4, 1, 1, 
    2, 1, 11, 2, 1, 3, 2, 4, 1, 7, 1, 3, 1, 1, 1, 1, 27, 3, 9, 
    1, 17, 1, 1, 3, 5, 2, 1, 1, 1, 10, 2, 1, 1, 4, 3, 3, 2, 1, 
    1, 1, 1, 5, 5, 49, 8, 1, 1, 3, 1, 1, 1, 5, 5, 3, 1, 3, 1, 
    1, 1, 4, 1, 12, 1, 1, 4, 2, 1, 1, 1, 8, 16, 5, 1, 1, 3, 3, 
    2, 2, 1, 3, 2, 1, 1, 6, 4, 6, 1, 9, 4, 7, 1, 11, 1, 2, 1, 
    1, 4, 1, 9, 1, 1, 1, 1, 3, 72, 3, 4, 2, 1, 1, 1, 2, 1, 2, 
    1, 2, 1, 1, 2, 2, 1, 2, 2, 10, 1, 1, 1, 1, 2, 1, 1, 1, 1, 
    1, 1, 3, 1, 1, 1, 2, 5, 7, 9, 2, 1, 1, 2, 1, 1, 3, 3, 2, 
    2, 1, 4, 1, 4, 1, 1, 1, 1, 1, 1, 1, 9, 1, 1, 2, 3, 2, 1, 
    2, 1, 8, 2, 1, 1, 8, 1, 4, 2, 1, 1, 2, 5, 1, 1, 2, 1, 1, 
    1, 2, 14, 2, 4, 1, 1, 1, 1, 4, 1, 1, 1, 1, 3, 1, 1, 2, 3, 
    5, 3, 10, 1, 1, 1, 1, 3, 3, 1, 2, 1, 2, 1, 1, 1, 2, 1, 1, 
    2, 1, 1, 1, 20, 2, 12, 6, 4, 2, 1, 1, 1, 1, 1, 1, 5, 1, 6, 
    1, 1, 1, 6, 7, 2, 10, 25, 13, 26, 4, 4, 5, 1, 2, 4, 2, 1, 
    1, 1, 2, 1, 1, 1, 1, 3, 3, 1, 4, 4, 4, 1, 1, 1, 1, 1, 1, 
    1, 1, 49, 1, 3, 4, 32, 2, 1, 9, 1, 4, 1, 3, 2, 5, 2, 2, 1, 
    1, 6, 5, 3, 4, 1, 5, 3, 1, 1, 1, 3, 1, 1, 1, 2, 15, 1, 2, 
    2, 2, 1, 1, 1, 5, 1, 5, 1, 32, 2, 1, 3, 4, 6, 2, 8, 32, 1, 
    2, 3, 1, 4, 1, 1, 1, 1, 1, 1, 1, 1, 2, 7, 1, 8, 2, 6, 1, 
    1, 1, 1, 1, 2, 2, 1, 4, 4, 2, 1, 1, 3, 2, 2, 10, 1, 1, 7, 
    1, 1, 1, 1, 1, 9, 1, 2, 17, 2, 3, 1, 1, 2, 1, 2, 9, 3, 1, 
    1, 1, 1, 2, 2, 1, 1, 1, 6, 1, 2, 1, 1, 2, 1, 6, 2, 1, 1, 
    5, 4, 1, 3, 1, 1, 1, 1, 2, 1, 1, 1, 1, 1, 1, 1, 1, 1, 6, 
    1, 1, 5, 1, 15, 1, 7, 6, 1, 8, 1, 2, 1, 3, 3, 5, 1, 7, 1, 
    1, 1, 1, 2, 1, 1, 1, 1, 1, 1, 1, 2, 1, 1, 3, 1, 2, 2, 2, 
    1, 1, 2, 1, 2, 2, 2, 1, 1, 1, 6, 1, 2, 1, 10, 1, 1, 3, 1, 
    7, 1, 1, 2, 2, 2, 1, 4, 1, 3, 1, 1, 1, 3, 1, 1, 1, 1, 1, 
    1, 1, 1, 1, 1, 1, 2, 2, 5, 3, 2, 1, 1, 1, 1, 1, 2, 8, 2, 
    2, 2, 1, 1, 5, 13, 2, 3, 1, 8, 1, 1, 8, 5, 3, 1, 4, 1, 1, 
    14, 42, 1, 1, 2, 1, 1, 10, 1, 4, 24, 1, 3, 2, 1, 2, 1, 340, 
    1, 3, 1, 1, 1, 1, 3, 7, 3, 2, 1, 40, 55, 73, 34, 2, 1, 1, 
    8, 5, 3, 1, 4, 2, 2, 2, 9, 1, 3, 1, 1, 2, 1, 2, 3, 2, 1, 
    13, 1, 7, 1, 6, 1, 1, 1, 124, 2, 1, 1, 1, 1, 1, 1, 1, 7, 
    1, 11, 1, 1, 1, 2, 7, 1, 2, 3, 1, 1, 1, 2, 2, 9, 61, 14, 
    90, 11, 295, 1, 2, 2, 5, 2, 1, 1, 2, 2, 1, 1, 1, 1, 38, 3, 
    1, 12, 1, 28, 39, 3, 9, 2, 9, 10, 12, 4, 1, 11, 1, 2, 1, 
    1, 1, 1, 12, 11, 5, 23, 16, 4, 5, 3, 2, 1, 1, 1, 1, 1, 3, 
    51, 3, 33, 11, 1, 1, 16, 2, 5, 5, 1, 50, 1, 9, 3, 2, 1, 1, 
    6, 2, 1, 33, 2, 61, 185, 96, 1, 1, 5, 1, 1, 1, 1, 1, 29, 
    18, 1, 19, 32, 4, 3, 1, 3, 1, 1, 2, 64, 1, 2, 65, 55, 1, 
    2, 1, 5, 1, 1, 1, 1, 1, 14, 2, 4, 5, 3, 11, 20, 27, 13, 31, 
    2, 1, 1, 1, 1, 1, 12, 1, 1, 1, 1, 1, 20, 3, 3, 1, 8, 1, 7, 
    2, 2, 1, 2, 1, 8, 23, 29, 2, 28, 1, 2, 2, 1, 6, 6, 3, 2, 
    26, 5, 4, 1, 1, 2, 1, 1, 1, 4, 2, 10, 521, 1, 1, 2, 1, 1, 
    1, 2, 1, 2, 1, 1, 2, 1, 1, 3, 1, 1, 1, 2, 1, 2, 3, 1, 19, 
    32, 15, 2, 2, 88, 1, 1, 2, 2, 1, 1, 1, 1, 1, 66, 154, 2, 
    1, 1, 1, 35, 76, 136, 1, 2, 2, 1, 1, 1, 6, 59, 5, 1, 1, 2, 
    1, 1, 2, 1, 1, 19, 13, 5, 1, 1, 1, 10, 1, 10, 1, 1, 2, 1, 
    1, 1, 1, 3, 1, 1, 1, 1, 2, 1, 2, 1, 1, 1, 1, 1, 16, 1, 20, 
    6, 1, 1, 1, 2, 2, 2, 33, 9, 31, 365, 2, 2, 1, 4, 1, 2, 1, 
    1, 3, 1, 1, 1, 1, 1, 4, 4, 1, 1, 1, 3, 47, 7, 1, 3, 7, 1, 
    3, 9, 2, 1, 1, 1, 2, 5, 3, 24, 4, 1, 8, 9, 1, 1, 2, 3, 3, 
    7, 7, 9, 10, 15, 9, 1, 1, 1, 2, 8, 21, 1, 2, 1, 1, 2, 1, 
    1, 2, 1, 1, 1, 1, 1, 2, 1, 1, 1, 1, 1, 16, 6, 1, 2, 1, 2, 
    3, 8, 1, 2, 3, 1, 1, 1, 1, 1, 1, 1, 7, 2, 1, 3, 35, 1, 6, 
    1, 1, 6, 3, 5, 2, 11, 16, 4, 1, 2, 1, 1, 1, 1, 1, 4, 1, 1, 
    3, 1, 1, 2, 1, 31, 6, 1, 5, 5, 1, 1, 10, 2, 1, 3, 8, 1, 1, 
    1, 1, 2, 3, 2, 19, 20, 13, 8, 3, 1, 1, 1, 2, 4, 1, 1, 1))), 
    <environment>), class = c("tbl_graph", "igraph"), active = "nodes")
